250 15
5 3 2 1 2 2 4 7 4 2 6 4 3 1 1 
14 7 6 4 6 4 10 15 12 6 17 8 6 2 3 
0.48 0.94 0.53 0.24 0.41 0.17 0.62 0.70 0.05 0.15 0.66 0.44 0.56 0.36 0.20 
2 1 0 0 0 0 1 2 1 0 2 1 1 0 0 
0.93 0.99 1.00 0.55 0.81 0.68 1.00 0.71 0.87 0.69 1.00 0.99 0.76 0.61 0.33 
1 0 0 0 0 0 0 1 0 0 1 0 0 0 0 
0 5.48 0 0 0 0 5.48 5.48 5.48 0 0 0 5.48 0 0 
0 1.96 0 0 0 0 1.96 1.96 1.96 0 0 0 1.96 0 0 
2.79 0 2.79 0 0 0 0 0 0 0 2.79 2.79 0 0 2.79 
5.88 0 5.88 0 0 0 0 0 0 0 5.88 5.88 0 0 5.88 
0 0 0 4.21 0 0 0 0 0 0 0 0 0 0 0 
0 1.57 0 0 0 0 1.57 1.57 1.57 0 0 0 1.57 0 0 
0 0 0 0 1.44 1.44 0 0 0 1.44 0 0 0 1.44 0 
0 0 0 0 1.85 1.85 0 0 0 1.85 0 0 0 1.85 0 
0 0 0 4.27 0 0 0 0 0 0 0 0 0 0 0 
1.87 0 1.87 0 0 0 0 0 0 0 1.87 1.87 0 0 1.87 
0 2.44 0 0 0 0 2.44 2.44 2.44 0 0 0 2.44 0 0 
0 0 0 5.54 0 0 0 0 0 0 0 0 0 0 0 
4.06 0 4.06 0 0 0 0 0 0 0 4.06 4.06 0 0 4.06 
0 2.98 0 0 0 0 2.98 2.98 2.98 0 0 0 2.98 0 0 
3.74 0 3.74 0 0 0 0 0 0 0 3.74 3.74 0 0 3.74 
5.30 0 5.30 0 0 0 0 0 0 0 5.30 5.30 0 0 5.30 
1.46 0 1.46 0 0 0 0 0 0 0 1.46 1.46 0 0 1.46 
0 0 0 2.88 0 0 0 0 0 0 0 0 0 0 0 
3.06 0 3.06 0 0 0 0 0 0 0 3.06 3.06 0 0 3.06 
0 0 0 0 2.71 2.71 0 0 0 2.71 0 0 0 2.71 0 
0 1.28 0 0 0 0 1.28 1.28 1.28 0 0 0 1.28 0 0 
0 0 0 1.97 0 0 0 0 0 0 0 0 0 0 0 
0 0 0 5.11 0 0 0 0 0 0 0 0 0 0 0 
0 0 0 5.28 0 0 0 0 0 0 0 0 0 0 0 
0 0 0 0 2.79 2.79 0 0 0 2.79 0 0 0 2.79 0 
0 0 0 0 3.17 3.17 0 0 0 3.17 0 0 0 3.17 0 
1.26 0 1.26 0 0 0 0 0 0 0 1.26 1.26 0 0 1.26 
0 4.35 0 0 0 0 4.35 4.35 4.35 0 0 0 4.35 0 0 
0 1.81 0 0 0 0 1.81 1.81 1.81 0 0 0 1.81 0 0 
0 5.12 0 0 0 0 5.12 5.12 5.12 0 0 0 5.12 0 0 
0 0 0 0 3.46 3.46 0 0 0 3.46 0 0 0 3.46 0 
4.28 0 4.28 0 0 0 0 0 0 0 4.28 4.28 0 0 4.28 
0 0 0 2.20 0 0 0 0 0 0 0 0 0 0 0 
0 5.44 0 0 0 0 5.44 5.44 5.44 0 0 0 5.44 0 0 
0 0 0 0 1.58 1.58 0 0 0 1.58 0 0 0 1.58 0 
4.43 0 4.43 0 0 0 0 0 0 0 4.43 4.43 0 0 4.43 
0 2.57 0 0 0 0 2.57 2.57 2.57 0 0 0 2.57 0 0 
0 0 0 4.06 0 0 0 0 0 0 0 0 0 0 0 
0 0 0 4.78 0 0 0 0 0 0 0 0 0 0 0 
0 0 0 0 1.29 1.29 0 0 0 1.29 0 0 0 1.29 0 
0 2.02 0 0 0 0 2.02 2.02 2.02 0 0 0 2.02 0 0 
0 0 0 0 1.21 1.21 0 0 0 1.21 0 0 0 1.21 0 
2.73 0 2.73 0 0 0 0 0 0 0 2.73 2.73 0 0 2.73 
0 0 0 3.69 0 0 0 0 0 0 0 0 0 0 0 
2.75 0 2.75 0 0 0 0 0 0 0 2.75 2.75 0 0 2.75 
0 0 0 2.70 0 0 0 0 0 0 0 0 0 0 0 
0 0 0 2.08 0 0 0 0 0 0 0 0 0 0 0 
5.16 0 5.16 0 0 0 0 0 0 0 5.16 5.16 0 0 5.16 
0 0 0 2.96 0 0 0 0 0 0 0 0 0 0 0 
0 0 0 0 5.63 5.63 0 0 0 5.63 0 0 0 5.63 0 
0 0 0 0 1.14 1.14 0 0 0 1.14 0 0 0 1.14 0 
0 3.67 0 0 0 0 3.67 3.67 3.67 0 0 0 3.67 0 0 
0 5.30 0 0 0 0 5.30 5.30 5.30 0 0 0 5.30 0 0 
0 0 0 5.53 0 0 0 0 0 0 0 0 0 0 0 
3.37 0 3.37 0 0 0 0 0 0 0 3.37 3.37 0 0 3.37 
5.24 0 5.24 0 0 0 0 0 0 0 5.24 5.24 0 0 5.24 
0 4.85 0 0 0 0 4.85 4.85 4.85 0 0 0 4.85 0 0 
0 1.78 0 0 0 0 1.78 1.78 1.78 0 0 0 1.78 0 0 
0 0 0 5.70 0 0 0 0 0 0 0 0 0 0 0 
0 0 0 4.15 0 0 0 0 0 0 0 0 0 0 0 
0 0 0 0 4.84 4.84 0 0 0 4.84 0 0 0 4.84 0 
1.76 0 1.76 0 0 0 0 0 0 0 1.76 1.76 0 0 1.76 
0 2.99 0 0 0 0 2.99 2.99 2.99 0 0 0 2.99 0 0 
0 4.62 0 0 0 0 4.62 4.62 4.62 0 0 0 4.62 0 0 
5.01 0 5.01 0 0 0 0 0 0 0 5.01 5.01 0 0 5.01 
0 0 0 4.79 0 0 0 0 0 0 0 0 0 0 0 
0 0 0 0 3.33 3.33 0 0 0 3.33 0 0 0 3.33 0 
0 4.85 0 0 0 0 4.85 4.85 4.85 0 0 0 4.85 0 0 
0 4.83 0 0 0 0 4.83 4.83 4.83 0 0 0 4.83 0 0 
0 0 0 1.15 0 0 0 0 0 0 0 0 0 0 0 
1.76 0 1.76 0 0 0 0 0 0 0 1.76 1.76 0 0 1.76 
0 0 0 2.03 0 0 0 0 0 0 0 0 0 0 0 
0 0 0 0 2.66 2.66 0 0 0 2.66 0 0 0 2.66 0 
2.42 0 2.42 0 0 0 0 0 0 0 2.42 2.42 0 0 2.42 
0 1.59 0 0 0 0 1.59 1.59 1.59 0 0 0 1.59 0 0 
0 3.21 0 0 0 0 3.21 3.21 3.21 0 0 0 3.21 0 0 
0 0 0 0 2.86 2.86 0 0 0 2.86 0 0 0 2.86 0 
3.73 0 3.73 0 0 0 0 0 0 0 3.73 3.73 0 0 3.73 
0 2.64 0 0 0 0 2.64 2.64 2.64 0 0 0 2.64 0 0 
0 4.97 0 0 0 0 4.97 4.97 4.97 0 0 0 4.97 0 0 
0 0 0 0 3.86 3.86 0 0 0 3.86 0 0 0 3.86 0 
0 0 0 0 4.88 4.88 0 0 0 4.88 0 0 0 4.88 0 
0 5.69 0 0 0 0 5.69 5.69 5.69 0 0 0 5.69 0 0 
0 0 0 1.36 0 0 0 0 0 0 0 0 0 0 0 
0 4.24 0 0 0 0 4.24 4.24 4.24 0 0 0 4.24 0 0 
0 2.00 0 0 0 0 2.00 2.00 2.00 0 0 0 2.00 0 0 
0 4.99 0 0 0 0 4.99 4.99 4.99 0 0 0 4.99 0 0 
0 0 0 2.92 0 0 0 0 0 0 0 0 0 0 0 
0 0 0 2.84 0 0 0 0 0 0 0 0 0 0 0 
3.02 0 3.02 0 0 0 0 0 0 0 3.02 3.02 0 0 3.02 
3.54 0 3.54 0 0 0 0 0 0 0 3.54 3.54 0 0 3.54 
1.73 0 1.73 0 0 0 0 0 0 0 1.73 1.73 0 0 1.73 
5.28 0 5.28 0 0 0 0 0 0 0 5.28 5.28 0 0 5.28 
0 0 0 5.21 0 0 0 0 0 0 0 0 0 0 0 
0 0 0 1.55 0 0 0 0 0 0 0 0 0 0 0 
5.53 0 5.53 0 0 0 0 0 0 0 5.53 5.53 0 0 5.53 
1.70 0 1.70 0 0 0 0 0 0 0 1.70 1.70 0 0 1.70 
0 0 0 0 5.16 5.16 0 0 0 5.16 0 0 0 5.16 0 
0 0 0 3.55 0 0 0 0 0 0 0 0 0 0 0 
1.97 0 1.97 0 0 0 0 0 0 0 1.97 1.97 0 0 1.97 
0 0 0 4.03 0 0 0 0 0 0 0 0 0 0 0 
0 0 0 0 1.64 1.64 0 0 0 1.64 0 0 0 1.64 0 
0 3.74 0 0 0 0 3.74 3.74 3.74 0 0 0 3.74 0 0 
0 0 0 0 2.14 2.14 0 0 0 2.14 0 0 0 2.14 0 
0 0 0 1.89 0 0 0 0 0 0 0 0 0 0 0 
0 0 0 4.22 0 0 0 0 0 0 0 0 0 0 0 
0 1.58 0 0 0 0 1.58 1.58 1.58 0 0 0 1.58 0 0 
0 0 0 5.93 0 0 0 0 0 0 0 0 0 0 0 
2.29 0 2.29 0 0 0 0 0 0 0 2.29 2.29 0 0 2.29 
0 1.22 0 0 0 0 1.22 1.22 1.22 0 0 0 1.22 0 0 
0 1.93 0 0 0 0 1.93 1.93 1.93 0 0 0 1.93 0 0 
0 5.13 0 0 0 0 5.13 5.13 5.13 0 0 0 5.13 0 0 
0 1.84 0 0 0 0 1.84 1.84 1.84 0 0 0 1.84 0 0 
0 0 0 0 2.87 2.87 0 0 0 2.87 0 0 0 2.87 0 
0 0 0 4.05 0 0 0 0 0 0 0 0 0 0 0 
4.05 0 4.05 0 0 0 0 0 0 0 4.05 4.05 0 0 4.05 
4.19 0 4.19 0 0 0 0 0 0 0 4.19 4.19 0 0 4.19 
0 0 0 1.84 0 0 0 0 0 0 0 0 0 0 0 
3.73 0 3.73 0 0 0 0 0 0 0 3.73 3.73 0 0 3.73 
0 0 0 0 5.87 5.87 0 0 0 5.87 0 0 0 5.87 0 
1.77 0 1.77 0 0 0 0 0 0 0 1.77 1.77 0 0 1.77 
5.93 0 5.93 0 0 0 0 0 0 0 5.93 5.93 0 0 5.93 
0 1.18 0 0 0 0 1.18 1.18 1.18 0 0 0 1.18 0 0 
0 0 0 0 2.38 2.38 0 0 0 2.38 0 0 0 2.38 0 
0 0 0 2.65 0 0 0 0 0 0 0 0 0 0 0 
0 0 0 0 4.10 4.10 0 0 0 4.10 0 0 0 4.10 0 
0 0 0 0 4.47 4.47 0 0 0 4.47 0 0 0 4.47 0 
0 0 0 3.25 0 0 0 0 0 0 0 0 0 0 0 
2.52 0 2.52 0 0 0 0 0 0 0 2.52 2.52 0 0 2.52 
0 5.23 0 0 0 0 5.23 5.23 5.23 0 0 0 5.23 0 0 
4.90 0 4.90 0 0 0 0 0 0 0 4.90 4.90 0 0 4.90 
5.96 0 5.96 0 0 0 0 0 0 0 5.96 5.96 0 0 5.96 
1.45 0 1.45 0 0 0 0 0 0 0 1.45 1.45 0 0 1.45 
0 5.44 0 0 0 0 5.44 5.44 5.44 0 0 0 5.44 0 0 
0 0 0 5.44 0 0 0 0 0 0 0 0 0 0 0 
0 0 0 1.14 0 0 0 0 0 0 0 0 0 0 0 
0 0 0 0 1.84 1.84 0 0 0 1.84 0 0 0 1.84 0 
0 0 0 3.54 0 0 0 0 0 0 0 0 0 0 0 
2.81 0 2.81 0 0 0 0 0 0 0 2.81 2.81 0 0 2.81 
0 0 0 0 3.46 3.46 0 0 0 3.46 0 0 0 3.46 0 
1.85 0 1.85 0 0 0 0 0 0 0 1.85 1.85 0 0 1.85 
0 5.84 0 0 0 0 5.84 5.84 5.84 0 0 0 5.84 0 0 
0 0 0 0 1.56 1.56 0 0 0 1.56 0 0 0 1.56 0 
2.21 0 2.21 0 0 0 0 0 0 0 2.21 2.21 0 0 2.21 
0 2.63 0 0 0 0 2.63 2.63 2.63 0 0 0 2.63 0 0 
0 5.47 0 0 0 0 5.47 5.47 5.47 0 0 0 5.47 0 0 
0 5.35 0 0 0 0 5.35 5.35 5.35 0 0 0 5.35 0 0 
0 0 0 1.17 0 0 0 0 0 0 0 0 0 0 0 
0 3.90 0 0 0 0 3.90 3.90 3.90 0 0 0 3.90 0 0 
0 3.64 0 0 0 0 3.64 3.64 3.64 0 0 0 3.64 0 0 
0 1.55 0 0 0 0 1.55 1.55 1.55 0 0 0 1.55 0 0 
0 1.99 0 0 0 0 1.99 1.99 1.99 0 0 0 1.99 0 0 
3.92 0 3.92 0 0 0 0 0 0 0 3.92 3.92 0 0 3.92 
0 0 0 0 4.30 4.30 0 0 0 4.30 0 0 0 4.30 0 
0 4.94 0 0 0 0 4.94 4.94 4.94 0 0 0 4.94 0 0 
0 0 0 5.82 0 0 0 0 0 0 0 0 0 0 0 
0 0 0 3.93 0 0 0 0 0 0 0 0 0 0 0 
0 1.07 0 0 0 0 1.07 1.07 1.07 0 0 0 1.07 0 0 
4.71 0 4.71 0 0 0 0 0 0 0 4.71 4.71 0 0 4.71 
0 0 0 3.04 0 0 0 0 0 0 0 0 0 0 0 
1.75 0 1.75 0 0 0 0 0 0 0 1.75 1.75 0 0 1.75 
0 0 0 0 5.20 5.20 0 0 0 5.20 0 0 0 5.20 0 
0 0 0 1.84 0 0 0 0 0 0 0 0 0 0 0 
0 0 0 1.71 0 0 0 0 0 0 0 0 0 0 0 
0 5.76 0 0 0 0 5.76 5.76 5.76 0 0 0 5.76 0 0 
5.46 0 5.46 0 0 0 0 0 0 0 5.46 5.46 0 0 5.46 
0 0 0 0 4.90 4.90 0 0 0 4.90 0 0 0 4.90 0 
0 5.64 0 0 0 0 5.64 5.64 5.64 0 0 0 5.64 0 0 
0 0 0 3.03 0 0 0 0 0 0 0 0 0 0 0 
0 1.35 0 0 0 0 1.35 1.35 1.35 0 0 0 1.35 0 0 
2.97 0 2.97 0 0 0 0 0 0 0 2.97 2.97 0 0 2.97 
0 0 0 4.32 0 0 0 0 0 0 0 0 0 0 0 
0 4.72 0 0 0 0 4.72 4.72 4.72 0 0 0 4.72 0 0 
0 0 0 3.49 0 0 0 0 0 0 0 0 0 0 0 
0 0 0 0 3.49 3.49 0 0 0 3.49 0 0 0 3.49 0 
0 2.43 0 0 0 0 2.43 2.43 2.43 0 0 0 2.43 0 0 
0 0 0 2.21 0 0 0 0 0 0 0 0 0 0 0 
0 5.77 0 0 0 0 5.77 5.77 5.77 0 0 0 5.77 0 0 
0 5.89 0 0 0 0 5.89 5.89 5.89 0 0 0 5.89 0 0 
0 3.22 0 0 0 0 3.22 3.22 3.22 0 0 0 3.22 0 0 
0 4.57 0 0 0 0 4.57 4.57 4.57 0 0 0 4.57 0 0 
1.66 0 1.66 0 0 0 0 0 0 0 1.66 1.66 0 0 1.66 
0 0 0 0 4.10 4.10 0 0 0 4.10 0 0 0 4.10 0 
5.86 0 5.86 0 0 0 0 0 0 0 5.86 5.86 0 0 5.86 
0 0 0 0 1.28 1.28 0 0 0 1.28 0 0 0 1.28 0 
3.01 0 3.01 0 0 0 0 0 0 0 3.01 3.01 0 0 3.01 
0 0 0 0 1.70 1.70 0 0 0 1.70 0 0 0 1.70 0 
0 0 0 3.95 0 0 0 0 0 0 0 0 0 0 0 
3.71 0 3.71 0 0 0 0 0 0 0 3.71 3.71 0 0 3.71 
0 0 0 3.00 0 0 0 0 0 0 0 0 0 0 0 
0 0 0 0 3.59 3.59 0 0 0 3.59 0 0 0 3.59 0 
3.30 0 3.30 0 0 0 0 0 0 0 3.30 3.30 0 0 3.30 
0 0 0 0 5.42 5.42 0 0 0 5.42 0 0 0 5.42 0 
0 0 0 1.00 0 0 0 0 0 0 0 0 0 0 0 
0 0 0 1.66 0 0 0 0 0 0 0 0 0 0 0 
0 4.35 0 0 0 0 4.35 4.35 4.35 0 0 0 4.35 0 0 
0 3.47 0 0 0 0 3.47 3.47 3.47 0 0 0 3.47 0 0 
0 0 0 5.74 0 0 0 0 0 0 0 0 0 0 0 
0 0 0 4.60 0 0 0 0 0 0 0 0 0 0 0 
0 0 0 1.33 0 0 0 0 0 0 0 0 0 0 0 
0 0 0 0 2.37 2.37 0 0 0 2.37 0 0 0 2.37 0 
0 0 0 0 4.64 4.64 0 0 0 4.64 0 0 0 4.64 0 
3.64 0 3.64 0 0 0 0 0 0 0 3.64 3.64 0 0 3.64 
2.29 0 2.29 0 0 0 0 0 0 0 2.29 2.29 0 0 2.29 
2.27 0 2.27 0 0 0 0 0 0 0 2.27 2.27 0 0 2.27 
1.21 0 1.21 0 0 0 0 0 0 0 1.21 1.21 0 0 1.21 
0 0 0 0 1.45 1.45 0 0 0 1.45 0 0 0 1.45 0 
0 0 0 0 1.47 1.47 0 0 0 1.47 0 0 0 1.47 0 
0 0 0 5.19 0 0 0 0 0 0 0 0 0 0 0 
0 0 0 3.92 0 0 0 0 0 0 0 0 0 0 0 
0 0 0 0 5.75 5.75 0 0 0 5.75 0 0 0 5.75 0 
0 0 0 0 2.90 2.90 0 0 0 2.90 0 0 0 2.90 0 
0 0 0 0 5.94 5.94 0 0 0 5.94 0 0 0 5.94 0 
0 0 0 0 4.53 4.53 0 0 0 4.53 0 0 0 4.53 0 
0 0 0 2.50 0 0 0 0 0 0 0 0 0 0 0 
0 1.32 0 0 0 0 1.32 1.32 1.32 0 0 0 1.32 0 0 
0 0 0 0 4.26 4.26 0 0 0 4.26 0 0 0 4.26 0 
0 5.75 0 0 0 0 5.75 5.75 5.75 0 0 0 5.75 0 0 
0 5.86 0 0 0 0 5.86 5.86 5.86 0 0 0 5.86 0 0 
0 0 0 0 4.84 4.84 0 0 0 4.84 0 0 0 4.84 0 
0 0 0 5.59 0 0 0 0 0 0 0 0 0 0 0 
0 0 0 0 2.65 2.65 0 0 0 2.65 0 0 0 2.65 0 
0 0 0 0 2.95 2.95 0 0 0 2.95 0 0 0 2.95 0 
0 0 0 5.98 0 0 0 0 0 0 0 0 0 0 0 
0 0 0 5.38 0 0 0 0 0 0 0 0 0 0 0 
4.79 0 4.79 0 0 0 0 0 0 0 4.79 4.79 0 0 4.79 
0 1.69 0 0 0 0 1.69 1.69 1.69 0 0 0 1.69 0 0 
0 1.06 0 0 0 0 1.06 1.06 1.06 0 0 0 1.06 0 0 
0 0 0 0 5.62 5.62 0 0 0 5.62 0 0 0 5.62 0 
0 0 0 5.79 0 0 0 0 0 0 0 0 0 0 0 
0 3.81 0 0 0 0 3.81 3.81 3.81 0 0 0 3.81 0 0 
0 0 0 0 1.19 1.19 0 0 0 1.19 0 0 0 1.19 0 
2.51 0 2.51 0 0 0 0 0 0 0 2.51 2.51 0 0 2.51 
0 4.76 0 0 0 0 4.76 4.76 4.76 0 0 0 4.76 0 0 
0 2.80 0 0 0 0 2.80 2.80 2.80 0 0 0 2.80 0 0 
0 0 0 1.02 0 0 0 0 0 0 0 0 0 0 0 
0 0 0 0 5.96 5.96 0 0 0 5.96 0 0 0 5.96 0 
4.41 0 4.41 0 0 0 0 0 0 0 4.41 4.41 0 0 4.41 
0 0 0 3.69 0 0 0 0 0 0 0 0 0 0 0 
5.47 0 5.47 0 0 0 0 0 0 0 5.47 5.47 0 0 5.47 
0 0 0 4.48 0 0 0 0 0 0 0 0 0 0 0 
0 0 0 3.24 0 0 0 0 0 0 0 0 0 0 0 
1.64 0 1.64 0 0 0 0 0 0 0 1.64 1.64 0 0 1.64 
2.60 0 2.60 0 0 0 0 0 0 0 2.60 2.60 0 0 2.60 
0 3.58 0 0 0 0 3.58 3.58 3.58 0 0 0 3.58 0 0 
0 0 0 5.33 0 0 0 0 0 0 0 0 0 0 0 
0 0 0 1.37 0 0 0 0 0 0 0 0 0 0 0 
0 0 0 0 5.32 5.32 0 0 0 5.32 0 0 0 5.32 0 
0 0 0 1.68 0 0 0 0 0 0 0 0 0 0 0 
0 3.92 0 0 0 0 3.92 3.92 3.92 0 0 0 3.92 0 0 
0 575.4211 0 0 0 0 575.4211 575.4211 575.4211 0 0 0 575.4211 0 0 
0 271.90518 0 0 0 0 271.90518 271.90518 271.90518 0 0 0 271.90518 0 0 
223.71414 0 223.71414 0 0 0 0 0 0 0 223.71414 223.71414 0 0 223.71414 
986.9168 0 986.9168 0 0 0 0 0 0 0 986.9168 986.9168 0 0 986.9168 
0 0 0 569.12885 0 0 0 0 0 0 0 0 0 0 0 
0 175.84595 0 0 0 0 175.84595 175.84595 175.84595 0 0 0 175.84595 0 0 
0 0 0 0 150.78001 150.78001 0 0 0 150.78001 0 0 0 150.78001 0 
0 0 0 0 355.55768 355.55768 0 0 0 355.55768 0 0 0 355.55768 0 
0 0 0 732.7024 0 0 0 0 0 0 0 0 0 0 0 
260.91974 0 260.91974 0 0 0 0 0 0 0 260.91974 260.91974 0 0 260.91974 
0 307.78674 0 0 0 0 307.78674 307.78674 307.78674 0 0 0 307.78674 0 0 
0 0 0 1037.8671 0 0 0 0 0 0 0 0 0 0 0 
133.19957 0 133.19957 0 0 0 0 0 0 0 133.19957 133.19957 0 0 133.19957 
0 193.45198 0 0 0 0 193.45198 193.45198 193.45198 0 0 0 193.45198 0 0 
307.92825 0 307.92825 0 0 0 0 0 0 0 307.92825 307.92825 0 0 307.92825 
788.53455 0 788.53455 0 0 0 0 0 0 0 788.53455 788.53455 0 0 788.53455 
204.93752 0 204.93752 0 0 0 0 0 0 0 204.93752 204.93752 0 0 204.93752 
0 0 0 286.61755 0 0 0 0 0 0 0 0 0 0 0 
479.51663 0 479.51663 0 0 0 0 0 0 0 479.51663 479.51663 0 0 479.51663 
0 0 0 0 272.4795 272.4795 0 0 0 272.4795 0 0 0 272.4795 0 
0 124.405464 0 0 0 0 124.405464 124.405464 124.405464 0 0 0 124.405464 0 0 
0 0 0 255.88725 0 0 0 0 0 0 0 0 0 0 0 
0 0 0 472.4493 0 0 0 0 0 0 0 0 0 0 0 
0 0 0 360.71893 0 0 0 0 0 0 0 0 0 0 0 
0 0 0 0 341.11203 341.11203 0 0 0 341.11203 0 0 0 341.11203 0 
0 0 0 0 194.2577 194.2577 0 0 0 194.2577 0 0 0 194.2577 0 
103.35398 0 103.35398 0 0 0 0 0 0 0 103.35398 103.35398 0 0 103.35398 
0 812.0498 0 0 0 0 812.0498 812.0498 812.0498 0 0 0 812.0498 0 0 
0 115.345345 0 0 0 0 115.345345 115.345345 115.345345 0 0 0 115.345345 0 0 
0 973.25397 0 0 0 0 973.25397 973.25397 973.25397 0 0 0 973.25397 0 0 
0 0 0 0 424.3346 424.3346 0 0 0 424.3346 0 0 0 424.3346 0 
603.53754 0 603.53754 0 0 0 0 0 0 0 603.53754 603.53754 0 0 603.53754 
0 0 0 275.49506 0 0 0 0 0 0 0 0 0 0 0 
0 672.8863 0 0 0 0 672.8863 672.8863 672.8863 0 0 0 672.8863 0 0 
0 0 0 0 157.68953 157.68953 0 0 0 157.68953 0 0 0 157.68953 0 
600.37506 0 600.37506 0 0 0 0 0 0 0 600.37506 600.37506 0 0 600.37506 
0 210.95804 0 0 0 0 210.95804 210.95804 210.95804 0 0 0 210.95804 0 0 
0 0 0 689.94336 0 0 0 0 0 0 0 0 0 0 0 
0 0 0 944.37695 0 0 0 0 0 0 0 0 0 0 0 
0 0 0 0 140.97499 140.97499 0 0 0 140.97499 0 0 0 140.97499 0 
0 325.59485 0 0 0 0 325.59485 325.59485 325.59485 0 0 0 325.59485 0 0 
0 0 0 0 154.94344 154.94344 0 0 0 154.94344 0 0 0 154.94344 0 
398.1847 0 398.1847 0 0 0 0 0 0 0 398.1847 398.1847 0 0 398.1847 
0 0 0 604.0185 0 0 0 0 0 0 0 0 0 0 0 
200.97794 0 200.97794 0 0 0 0 0 0 0 200.97794 200.97794 0 0 200.97794 
0 0 0 297.7529 0 0 0 0 0 0 0 0 0 0 0 
0 0 0 309.456 0 0 0 0 0 0 0 0 0 0 0 
547.63947 0 547.63947 0 0 0 0 0 0 0 547.63947 547.63947 0 0 547.63947 
0 0 0 215.24348 0 0 0 0 0 0 0 0 0 0 0 
0 0 0 0 452.8102 452.8102 0 0 0 452.8102 0 0 0 452.8102 0 
0 0 0 0 151.28604 151.28604 0 0 0 151.28604 0 0 0 151.28604 0 
0 460.9022 0 0 0 0 460.9022 460.9022 460.9022 0 0 0 460.9022 0 0 
0 702.8715 0 0 0 0 702.8715 702.8715 702.8715 0 0 0 702.8715 0 0 
0 0 0 629.0097 0 0 0 0 0 0 0 0 0 0 0 
257.5653 0 257.5653 0 0 0 0 0 0 0 257.5653 257.5653 0 0 257.5653 
770.59686 0 770.59686 0 0 0 0 0 0 0 770.59686 770.59686 0 0 770.59686 
0 391.78165 0 0 0 0 391.78165 391.78165 391.78165 0 0 0 391.78165 0 0 
0 281.53152 0 0 0 0 281.53152 281.53152 281.53152 0 0 0 281.53152 0 0 
0 0 0 955.9624 0 0 0 0 0 0 0 0 0 0 0 
0 0 0 424.317 0 0 0 0 0 0 0 0 0 0 0 
0 0 0 0 456.0209 456.0209 0 0 0 456.0209 0 0 0 456.0209 0 
237.5956 0 237.5956 0 0 0 0 0 0 0 237.5956 237.5956 0 0 237.5956 
0 483.3735 0 0 0 0 483.3735 483.3735 483.3735 0 0 0 483.3735 0 0 
0 549.05005 0 0 0 0 549.05005 549.05005 549.05005 0 0 0 549.05005 0 0 
707.43066 0 707.43066 0 0 0 0 0 0 0 707.43066 707.43066 0 0 707.43066 
0 0 0 386.8967 0 0 0 0 0 0 0 0 0 0 0 
0 0 0 0 188.70688 188.70688 0 0 0 188.70688 0 0 0 188.70688 0 
0 716.522 0 0 0 0 716.522 716.522 716.522 0 0 0 716.522 0 0 
0 172.75633 0 0 0 0 172.75633 172.75633 172.75633 0 0 0 172.75633 0 0 
0 0 0 187.20607 0 0 0 0 0 0 0 0 0 0 0 
238.39548 0 238.39548 0 0 0 0 0 0 0 238.39548 238.39548 0 0 238.39548 
0 0 0 169.13422 0 0 0 0 0 0 0 0 0 0 0 
0 0 0 0 341.28568 341.28568 0 0 0 341.28568 0 0 0 341.28568 0 
444.93143 0 444.93143 0 0 0 0 0 0 0 444.93143 444.93143 0 0 444.93143 
0 125.59763 0 0 0 0 125.59763 125.59763 125.59763 0 0 0 125.59763 0 0 
0 193.70209 0 0 0 0 193.70209 193.70209 193.70209 0 0 0 193.70209 0 0 
0 0 0 0 216.62389 216.62389 0 0 0 216.62389 0 0 0 216.62389 0 
536.19025 0 536.19025 0 0 0 0 0 0 0 536.19025 536.19025 0 0 536.19025 
0 258.31036 0 0 0 0 258.31036 258.31036 258.31036 0 0 0 258.31036 0 0 
0 351.74792 0 0 0 0 351.74792 351.74792 351.74792 0 0 0 351.74792 0 0 
0 0 0 0 165.33456 165.33456 0 0 0 165.33456 0 0 0 165.33456 0 
0 0 0 0 534.8455 534.8455 0 0 0 534.8455 0 0 0 534.8455 0 
0 148.024 0 0 0 0 148.024 148.024 148.024 0 0 0 148.024 0 0 
0 0 0 195.99364 0 0 0 0 0 0 0 0 0 0 0 
0 328.3859 0 0 0 0 328.3859 328.3859 328.3859 0 0 0 328.3859 0 0 
0 121.047485 0 0 0 0 121.047485 121.047485 121.047485 0 0 0 121.047485 0 0 
0 412.52908 0 0 0 0 412.52908 412.52908 412.52908 0 0 0 412.52908 0 0 
0 0 0 221.576 0 0 0 0 0 0 0 0 0 0 0 
0 0 0 303.24634 0 0 0 0 0 0 0 0 0 0 0 
413.6265 0 413.6265 0 0 0 0 0 0 0 413.6265 413.6265 0 0 413.6265 
77.48289 0 77.48289 0 0 0 0 0 0 0 77.48289 77.48289 0 0 77.48289 
335.93018 0 335.93018 0 0 0 0 0 0 0 335.93018 335.93018 0 0 335.93018 
809.5298 0 809.5298 0 0 0 0 0 0 0 809.5298 809.5298 0 0 809.5298 
0 0 0 263.51898 0 0 0 0 0 0 0 0 0 0 0 
0 0 0 180.81343 0 0 0 0 0 0 0 0 0 0 0 
551.18823 0 551.18823 0 0 0 0 0 0 0 551.18823 551.18823 0 0 551.18823 
302.3561 0 302.3561 0 0 0 0 0 0 0 302.3561 302.3561 0 0 302.3561 
0 0 0 0 882.44104 882.44104 0 0 0 882.44104 0 0 0 882.44104 0 
0 0 0 297.09393 0 0 0 0 0 0 0 0 0 0 0 
215.70267 0 215.70267 0 0 0 0 0 0 0 215.70267 215.70267 0 0 215.70267 
0 0 0 427.93137 0 0 0 0 0 0 0 0 0 0 0 
0 0 0 0 209.49632 209.49632 0 0 0 209.49632 0 0 0 209.49632 0 
0 244.3247 0 0 0 0 244.3247 244.3247 244.3247 0 0 0 244.3247 0 0 
0 0 0 0 176.07326 176.07326 0 0 0 176.07326 0 0 0 176.07326 0 
0 0 0 282.95898 0 0 0 0 0 0 0 0 0 0 0 
0 0 0 573.9185 0 0 0 0 0 0 0 0 0 0 0 
0 42.43711 0 0 0 0 42.43711 42.43711 42.43711 0 0 0 42.43711 0 0 
0 0 0 804.4483 0 0 0 0 0 0 0 0 0 0 0 
296.46698 0 296.46698 0 0 0 0 0 0 0 296.46698 296.46698 0 0 296.46698 
0 97.500114 0 0 0 0 97.500114 97.500114 97.500114 0 0 0 97.500114 0 0 
0 291.38065 0 0 0 0 291.38065 291.38065 291.38065 0 0 0 291.38065 0 0 
0 802.00305 0 0 0 0 802.00305 802.00305 802.00305 0 0 0 802.00305 0 0 
0 274.5523 0 0 0 0 274.5523 274.5523 274.5523 0 0 0 274.5523 0 0 
0 0 0 0 423.34628 423.34628 0 0 0 423.34628 0 0 0 423.34628 0 
0 0 0 478.04834 0 0 0 0 0 0 0 0 0 0 0 
657.5896 0 657.5896 0 0 0 0 0 0 0 657.5896 657.5896 0 0 657.5896 
517.1941 0 517.1941 0 0 0 0 0 0 0 517.1941 517.1941 0 0 517.1941 
0 0 0 271.40665 0 0 0 0 0 0 0 0 0 0 0 
384.5683 0 384.5683 0 0 0 0 0 0 0 384.5683 384.5683 0 0 384.5683 
0 0 0 0 483.4635 483.4635 0 0 0 483.4635 0 0 0 483.4635 0 
238.29088 0 238.29088 0 0 0 0 0 0 0 238.29088 238.29088 0 0 238.29088 
400.48917 0 400.48917 0 0 0 0 0 0 0 400.48917 400.48917 0 0 400.48917 
0 97.089485 0 0 0 0 97.089485 97.089485 97.089485 0 0 0 97.089485 0 0 
0 0 0 0 294.94568 294.94568 0 0 0 294.94568 0 0 0 294.94568 0 
0 0 0 326.65283 0 0 0 0 0 0 0 0 0 0 0 
0 0 0 0 463.29828 463.29828 0 0 0 463.29828 0 0 0 463.29828 0 
0 0 0 0 417.21637 417.21637 0 0 0 417.21637 0 0 0 417.21637 0 
0 0 0 317.5284 0 0 0 0 0 0 0 0 0 0 0 
254.93703 0 254.93703 0 0 0 0 0 0 0 254.93703 254.93703 0 0 254.93703 
0 560.35223 0 0 0 0 560.35223 560.35223 560.35223 0 0 0 560.35223 0 0 
632.20276 0 632.20276 0 0 0 0 0 0 0 632.20276 632.20276 0 0 632.20276 
303.7828 0 303.7828 0 0 0 0 0 0 0 303.7828 303.7828 0 0 303.7828 
113.22536 0 113.22536 0 0 0 0 0 0 0 113.22536 113.22536 0 0 113.22536 
0 820.0684 0 0 0 0 820.0684 820.0684 820.0684 0 0 0 820.0684 0 0 
0 0 0 1018.28766 0 0 0 0 0 0 0 0 0 0 0 
0 0 0 158.79897 0 0 0 0 0 0 0 0 0 0 0 
0 0 0 0 341.20203 341.20203 0 0 0 341.20203 0 0 0 341.20203 0 
0 0 0 342.73492 0 0 0 0 0 0 0 0 0 0 0 
410.46304 0 410.46304 0 0 0 0 0 0 0 410.46304 410.46304 0 0 410.46304 
0 0 0 0 369.5451 369.5451 0 0 0 369.5451 0 0 0 369.5451 0 
321.60242 0 321.60242 0 0 0 0 0 0 0 321.60242 321.60242 0 0 321.60242 
0 867.065 0 0 0 0 867.065 867.065 867.065 0 0 0 867.065 0 0 
0 0 0 0 125.380516 125.380516 0 0 0 125.380516 0 0 0 125.380516 0 
221.94629 0 221.94629 0 0 0 0 0 0 0 221.94629 221.94629 0 0 221.94629 
0 218.9243 0 0 0 0 218.9243 218.9243 218.9243 0 0 0 218.9243 0 0 
0 481.8805 0 0 0 0 481.8805 481.8805 481.8805 0 0 0 481.8805 0 0 
0 789.03357 0 0 0 0 789.03357 789.03357 789.03357 0 0 0 789.03357 0 0 
0 0 0 170.99478 0 0 0 0 0 0 0 0 0 0 0 
0 296.08292 0 0 0 0 296.08292 296.08292 296.08292 0 0 0 296.08292 0 0 
0 262.3121 0 0 0 0 262.3121 262.3121 262.3121 0 0 0 262.3121 0 0 
0 234.3311 0 0 0 0 234.3311 234.3311 234.3311 0 0 0 234.3311 0 0 
0 56.83001 0 0 0 0 56.83001 56.83001 56.83001 0 0 0 56.83001 0 0 
454.74933 0 454.74933 0 0 0 0 0 0 0 454.74933 454.74933 0 0 454.74933 
0 0 0 0 555.11975 555.11975 0 0 0 555.11975 0 0 0 555.11975 0 
0 368.68912 0 0 0 0 368.68912 368.68912 368.68912 0 0 0 368.68912 0 0 
0 0 0 712.0238 0 0 0 0 0 0 0 0 0 0 0 
0 0 0 533.74524 0 0 0 0 0 0 0 0 0 0 0 
0 127.55851 0 0 0 0 127.55851 127.55851 127.55851 0 0 0 127.55851 0 0 
760.77374 0 760.77374 0 0 0 0 0 0 0 760.77374 760.77374 0 0 760.77374 
0 0 0 462.59546 0 0 0 0 0 0 0 0 0 0 0 
22.929562 0 22.929562 0 0 0 0 0 0 0 22.929562 22.929562 0 0 22.929562 
0 0 0 0 667.0775 667.0775 0 0 0 667.0775 0 0 0 667.0775 0 
0 0 0 75.31306 0 0 0 0 0 0 0 0 0 0 0 
0 0 0 227.60791 0 0 0 0 0 0 0 0 0 0 0 
0 874.8587 0 0 0 0 874.8587 874.8587 874.8587 0 0 0 874.8587 0 0 
868.70386 0 868.70386 0 0 0 0 0 0 0 868.70386 868.70386 0 0 868.70386 
0 0 0 0 405.83044 405.83044 0 0 0 405.83044 0 0 0 405.83044 0 
0 852.7131 0 0 0 0 852.7131 852.7131 852.7131 0 0 0 852.7131 0 0 
0 0 0 202.67242 0 0 0 0 0 0 0 0 0 0 0 
0 187.99074 0 0 0 0 187.99074 187.99074 187.99074 0 0 0 187.99074 0 0 
177.16522 0 177.16522 0 0 0 0 0 0 0 177.16522 177.16522 0 0 177.16522 
0 0 0 778.9722 0 0 0 0 0 0 0 0 0 0 0 
0 750.5114 0 0 0 0 750.5114 750.5114 750.5114 0 0 0 750.5114 0 0 
0 0 0 408.93835 0 0 0 0 0 0 0 0 0 0 0 
0 0 0 0 330.67044 330.67044 0 0 0 330.67044 0 0 0 330.67044 0 
0 273.6079 0 0 0 0 273.6079 273.6079 273.6079 0 0 0 273.6079 0 0 
0 0 0 131.79706 0 0 0 0 0 0 0 0 0 0 0 
0 822.25964 0 0 0 0 822.25964 822.25964 822.25964 0 0 0 822.25964 0 0 
0 565.5434 0 0 0 0 565.5434 565.5434 565.5434 0 0 0 565.5434 0 0 
0 475.05353 0 0 0 0 475.05353 475.05353 475.05353 0 0 0 475.05353 0 0 
0 379.01364 0 0 0 0 379.01364 379.01364 379.01364 0 0 0 379.01364 0 0 
186.09319 0 186.09319 0 0 0 0 0 0 0 186.09319 186.09319 0 0 186.09319 
0 0 0 0 334.70438 334.70438 0 0 0 334.70438 0 0 0 334.70438 0 
601.0837 0 601.0837 0 0 0 0 0 0 0 601.0837 601.0837 0 0 601.0837 
0 0 0 0 135.13818 135.13818 0 0 0 135.13818 0 0 0 135.13818 0 
473.4143 0 473.4143 0 0 0 0 0 0 0 473.4143 473.4143 0 0 473.4143 
0 0 0 0 86.76439 86.76439 0 0 0 86.76439 0 0 0 86.76439 0 
0 0 0 384.48904 0 0 0 0 0 0 0 0 0 0 0 
704.5655 0 704.5655 0 0 0 0 0 0 0 704.5655 704.5655 0 0 704.5655 
0 0 0 535.5524 0 0 0 0 0 0 0 0 0 0 0 
0 0 0 0 503.46222 503.46222 0 0 0 503.46222 0 0 0 503.46222 0 
406.8236 0 406.8236 0 0 0 0 0 0 0 406.8236 406.8236 0 0 406.8236 
0 0 0 0 650.96155 650.96155 0 0 0 650.96155 0 0 0 650.96155 0 
0 0 0 135.74026 0 0 0 0 0 0 0 0 0 0 0 
0 0 0 182.6547 0 0 0 0 0 0 0 0 0 0 0 
0 465.09766 0 0 0 0 465.09766 465.09766 465.09766 0 0 0 465.09766 0 0 
0 653.1815 0 0 0 0 653.1815 653.1815 653.1815 0 0 0 653.1815 0 0 
0 0 0 860.66565 0 0 0 0 0 0 0 0 0 0 0 
0 0 0 245.46025 0 0 0 0 0 0 0 0 0 0 0 
0 0 0 120.44755 0 0 0 0 0 0 0 0 0 0 0 
0 0 0 0 404.44498 404.44498 0 0 0 404.44498 0 0 0 404.44498 0 
0 0 0 0 374.42755 374.42755 0 0 0 374.42755 0 0 0 374.42755 0 
474.7631 0 474.7631 0 0 0 0 0 0 0 474.7631 474.7631 0 0 474.7631 
312.8288 0 312.8288 0 0 0 0 0 0 0 312.8288 312.8288 0 0 312.8288 
268.05344 0 268.05344 0 0 0 0 0 0 0 268.05344 268.05344 0 0 268.05344 
56.338314 0 56.338314 0 0 0 0 0 0 0 56.338314 56.338314 0 0 56.338314 
0 0 0 0 143.73978 143.73978 0 0 0 143.73978 0 0 0 143.73978 0 
0 0 0 0 280.46304 280.46304 0 0 0 280.46304 0 0 0 280.46304 0 
0 0 0 670.7199 0 0 0 0 0 0 0 0 0 0 0 
0 0 0 636.3743 0 0 0 0 0 0 0 0 0 0 0 
0 0 0 0 642.107 642.107 0 0 0 642.107 0 0 0 642.107 0 
0 0 0 0 314.3274 314.3274 0 0 0 314.3274 0 0 0 314.3274 0 
0 0 0 0 970.4555 970.4555 0 0 0 970.4555 0 0 0 970.4555 0 
0 0 0 0 542.93805 542.93805 0 0 0 542.93805 0 0 0 542.93805 0 
0 0 0 271.28482 0 0 0 0 0 0 0 0 0 0 0 
0 230.73477 0 0 0 0 230.73477 230.73477 230.73477 0 0 0 230.73477 0 0 
0 0 0 0 473.71094 473.71094 0 0 0 473.71094 0 0 0 473.71094 0 
0 570.772 0 0 0 0 570.772 570.772 570.772 0 0 0 570.772 0 0 
0 892.2364 0 0 0 0 892.2364 892.2364 892.2364 0 0 0 892.2364 0 0 
0 0 0 0 499.01675 499.01675 0 0 0 499.01675 0 0 0 499.01675 0 
0 0 0 821.664 0 0 0 0 0 0 0 0 0 0 0 
0 0 0 0 380.66864 380.66864 0 0 0 380.66864 0 0 0 380.66864 0 
0 0 0 0 453.29938 453.29938 0 0 0 453.29938 0 0 0 453.29938 0 
0 0 0 1221.3911 0 0 0 0 0 0 0 0 0 0 0 
0 0 0 919.9039 0 0 0 0 0 0 0 0 0 0 0 
671.10297 0 671.10297 0 0 0 0 0 0 0 671.10297 671.10297 0 0 671.10297 
0 327.4525 0 0 0 0 327.4525 327.4525 327.4525 0 0 0 327.4525 0 0 
0 144.6675 0 0 0 0 144.6675 144.6675 144.6675 0 0 0 144.6675 0 0 
0 0 0 0 885.0286 885.0286 0 0 0 885.0286 0 0 0 885.0286 0 
0 0 0 361.66348 0 0 0 0 0 0 0 0 0 0 0 
0 429.5666 0 0 0 0 429.5666 429.5666 429.5666 0 0 0 429.5666 0 0 
0 0 0 0 149.61223 149.61223 0 0 0 149.61223 0 0 0 149.61223 0 
424.4209 0 424.4209 0 0 0 0 0 0 0 424.4209 424.4209 0 0 424.4209 
0 220.05365 0 0 0 0 220.05365 220.05365 220.05365 0 0 0 220.05365 0 0 
0 272.25204 0 0 0 0 272.25204 272.25204 272.25204 0 0 0 272.25204 0 0 
0 0 0 113.58424 0 0 0 0 0 0 0 0 0 0 0 
0 0 0 0 394.65863 394.65863 0 0 0 394.65863 0 0 0 394.65863 0 
662.44885 0 662.44885 0 0 0 0 0 0 0 662.44885 662.44885 0 0 662.44885 
0 0 0 359.07507 0 0 0 0 0 0 0 0 0 0 0 
883.6077 0 883.6077 0 0 0 0 0 0 0 883.6077 883.6077 0 0 883.6077 
0 0 0 379.7225 0 0 0 0 0 0 0 0 0 0 0 
0 0 0 518.3375 0 0 0 0 0 0 0 0 0 0 0 
236.17288 0 236.17288 0 0 0 0 0 0 0 236.17288 236.17288 0 0 236.17288 
216.30943 0 216.30943 0 0 0 0 0 0 0 216.30943 216.30943 0 0 216.30943 
0 695.53796 0 0 0 0 695.53796 695.53796 695.53796 0 0 0 695.53796 0 0 
0 0 0 683.4267 0 0 0 0 0 0 0 0 0 0 0 
0 0 0 226.62157 0 0 0 0 0 0 0 0 0 0 0 
0 0 0 0 790.6378 790.6378 0 0 0 790.6378 0 0 0 790.6378 0 
0 0 0 214.28133 0 0 0 0 0 0 0 0 0 0 0 
0 302.38394 0 0 0 0 302.38394 302.38394 302.38394 0 0 0 302.38394 0 0 
