450 30
8 3 2 4 1 2 5 1 1 7 4 6 1 2 5 3 1 5 2 3 3 5 2 6 6 4 2 6 3 2 
16 8 5 9 3 7 14 3 3 15 8 12 4 6 13 7 2 14 5 6 7 13 4 12 13 10 7 12 6 6 
0.46 0.61 0.25 0.96 0.70 0.30 0.48 0.90 0.85 0.64 0.73 0.13 0.23 0.51 0.64 0.75 0.88 0.57 0.45 0.76 0.62 0.87 0.38 0.72 0.02 0.79 0.51 0.97 0.39 0.14 
3 1 0 1 0 0 2 0 0 2 1 2 0 0 2 1 0 2 0 1 1 2 0 2 2 1 0 2 1 0 
1.00 1.00 1.00 1.00 1.00 0.52 0.88 1.00 1.00 0.83 1.00 0.87 0.33 1.00 0.78 1.00 1.00 1.00 0.96 0.91 1.00 1.00 0.68 1.00 0.18 1.00 0.82 1.00 1.00 0.43 
1 0 0 0 0 0 1 0 0 1 0 1 0 0 1 0 0 1 0 0 0 1 0 1 1 0 0 1 0 0 
0 3.85 0 0 0 0 0 0 0 0 0 0 0 3.85 3.85 0 0 3.85 0 0 3.85 0 0 3.85 3.85 0 0 0 0 0 
0 0 0 4.40 0 0 0 0 0 0 0 0 0 0 0 0 4.40 0 4.40 0 0 0 0 0 0 4.40 0 0 0 0 
0 0 0 1.05 0 0 0 0 0 0 0 0 0 0 0 0 1.05 0 1.05 0 0 0 0 0 0 1.05 0 0 0 0 
0 0 0 1.84 0 0 0 0 0 0 0 0 0 0 0 0 1.84 0 1.84 0 0 0 0 0 0 1.84 0 0 0 0 
0 0 0 0 3.59 3.59 0 0 3.59 3.59 3.59 3.59 0 0 0 0 0 0 0 0 0 3.59 0 0 0 0 0 0 3.59 0 
1.63 0 1.63 0 0 0 1.63 1.63 0 0 0 0 1.63 0 0 1.63 0 0 0 1.63 0 0 1.63 0 0 0 1.63 1.63 0 1.63 
0 0 0 0 3.00 3.00 0 0 3.00 3.00 3.00 3.00 0 0 0 0 0 0 0 0 0 3.00 0 0 0 0 0 0 3.00 0 
0 0 0 0 5.62 5.62 0 0 5.62 5.62 5.62 5.62 0 0 0 0 0 0 0 0 0 5.62 0 0 0 0 0 0 5.62 0 
0 0 0 2.91 0 0 0 0 0 0 0 0 0 0 0 0 2.91 0 2.91 0 0 0 0 0 0 2.91 0 0 0 0 
3.74 0 3.74 0 0 0 3.74 3.74 0 0 0 0 3.74 0 0 3.74 0 0 0 3.74 0 0 3.74 0 0 0 3.74 3.74 0 3.74 
4.01 0 4.01 0 0 0 4.01 4.01 0 0 0 0 4.01 0 0 4.01 0 0 0 4.01 0 0 4.01 0 0 0 4.01 4.01 0 4.01 
0 5.89 0 0 0 0 0 0 0 0 0 0 0 5.89 5.89 0 0 5.89 0 0 5.89 0 0 5.89 5.89 0 0 0 0 0 
0 0 0 4.13 0 0 0 0 0 0 0 0 0 0 0 0 4.13 0 4.13 0 0 0 0 0 0 4.13 0 0 0 0 
0 0 0 3.38 0 0 0 0 0 0 0 0 0 0 0 0 3.38 0 3.38 0 0 0 0 0 0 3.38 0 0 0 0 
0 5.84 0 0 0 0 0 0 0 0 0 0 0 5.84 5.84 0 0 5.84 0 0 5.84 0 0 5.84 5.84 0 0 0 0 0 
0 0 0 0 5.66 5.66 0 0 5.66 5.66 5.66 5.66 0 0 0 0 0 0 0 0 0 5.66 0 0 0 0 0 0 5.66 0 
0 0 0 0 3.12 3.12 0 0 3.12 3.12 3.12 3.12 0 0 0 0 0 0 0 0 0 3.12 0 0 0 0 0 0 3.12 0 
1.58 0 1.58 0 0 0 1.58 1.58 0 0 0 0 1.58 0 0 1.58 0 0 0 1.58 0 0 1.58 0 0 0 1.58 1.58 0 1.58 
1.48 0 1.48 0 0 0 1.48 1.48 0 0 0 0 1.48 0 0 1.48 0 0 0 1.48 0 0 1.48 0 0 0 1.48 1.48 0 1.48 
0 5.83 0 0 0 0 0 0 0 0 0 0 0 5.83 5.83 0 0 5.83 0 0 5.83 0 0 5.83 5.83 0 0 0 0 0 
0 0 0 3.71 0 0 0 0 0 0 0 0 0 0 0 0 3.71 0 3.71 0 0 0 0 0 0 3.71 0 0 0 0 
0 0 0 0 5.55 5.55 0 0 5.55 5.55 5.55 5.55 0 0 0 0 0 0 0 0 0 5.55 0 0 0 0 0 0 5.55 0 
0 1.45 0 0 0 0 0 0 0 0 0 0 0 1.45 1.45 0 0 1.45 0 0 1.45 0 0 1.45 1.45 0 0 0 0 0 
5.07 0 5.07 0 0 0 5.07 5.07 0 0 0 0 5.07 0 0 5.07 0 0 0 5.07 0 0 5.07 0 0 0 5.07 5.07 0 5.07 
0 0 0 2.10 0 0 0 0 0 0 0 0 0 0 0 0 2.10 0 2.10 0 0 0 0 0 0 2.10 0 0 0 0 
0 0 0 4.41 0 0 0 0 0 0 0 0 0 0 0 0 4.41 0 4.41 0 0 0 0 0 0 4.41 0 0 0 0 
0 0 0 2.28 0 0 0 0 0 0 0 0 0 0 0 0 2.28 0 2.28 0 0 0 0 0 0 2.28 0 0 0 0 
1.68 0 1.68 0 0 0 1.68 1.68 0 0 0 0 1.68 0 0 1.68 0 0 0 1.68 0 0 1.68 0 0 0 1.68 1.68 0 1.68 
0 0 0 2.89 0 0 0 0 0 0 0 0 0 0 0 0 2.89 0 2.89 0 0 0 0 0 0 2.89 0 0 0 0 
0 0 0 3.93 0 0 0 0 0 0 0 0 0 0 0 0 3.93 0 3.93 0 0 0 0 0 0 3.93 0 0 0 0 
0 0 0 5.00 0 0 0 0 0 0 0 0 0 0 0 0 5.00 0 5.00 0 0 0 0 0 0 5.00 0 0 0 0 
0 0 0 0 2.66 2.66 0 0 2.66 2.66 2.66 2.66 0 0 0 0 0 0 0 0 0 2.66 0 0 0 0 0 0 2.66 0 
3.63 0 3.63 0 0 0 3.63 3.63 0 0 0 0 3.63 0 0 3.63 0 0 0 3.63 0 0 3.63 0 0 0 3.63 3.63 0 3.63 
4.51 0 4.51 0 0 0 4.51 4.51 0 0 0 0 4.51 0 0 4.51 0 0 0 4.51 0 0 4.51 0 0 0 4.51 4.51 0 4.51 
0 0 0 2.28 0 0 0 0 0 0 0 0 0 0 0 0 2.28 0 2.28 0 0 0 0 0 0 2.28 0 0 0 0 
3.75 0 3.75 0 0 0 3.75 3.75 0 0 0 0 3.75 0 0 3.75 0 0 0 3.75 0 0 3.75 0 0 0 3.75 3.75 0 3.75 
0 0 0 0 2.46 2.46 0 0 2.46 2.46 2.46 2.46 0 0 0 0 0 0 0 0 0 2.46 0 0 0 0 0 0 2.46 0 
0 0 0 5.97 0 0 0 0 0 0 0 0 0 0 0 0 5.97 0 5.97 0 0 0 0 0 0 5.97 0 0 0 0 
0 0 0 5.15 0 0 0 0 0 0 0 0 0 0 0 0 5.15 0 5.15 0 0 0 0 0 0 5.15 0 0 0 0 
0 0 0 5.03 0 0 0 0 0 0 0 0 0 0 0 0 5.03 0 5.03 0 0 0 0 0 0 5.03 0 0 0 0 
0 1.33 0 0 0 0 0 0 0 0 0 0 0 1.33 1.33 0 0 1.33 0 0 1.33 0 0 1.33 1.33 0 0 0 0 0 
1.84 0 1.84 0 0 0 1.84 1.84 0 0 0 0 1.84 0 0 1.84 0 0 0 1.84 0 0 1.84 0 0 0 1.84 1.84 0 1.84 
3.89 0 3.89 0 0 0 3.89 3.89 0 0 0 0 3.89 0 0 3.89 0 0 0 3.89 0 0 3.89 0 0 0 3.89 3.89 0 3.89 
0 5.09 0 0 0 0 0 0 0 0 0 0 0 5.09 5.09 0 0 5.09 0 0 5.09 0 0 5.09 5.09 0 0 0 0 0 
3.23 0 3.23 0 0 0 3.23 3.23 0 0 0 0 3.23 0 0 3.23 0 0 0 3.23 0 0 3.23 0 0 0 3.23 3.23 0 3.23 
0 4.77 0 0 0 0 0 0 0 0 0 0 0 4.77 4.77 0 0 4.77 0 0 4.77 0 0 4.77 4.77 0 0 0 0 0 
2.81 0 2.81 0 0 0 2.81 2.81 0 0 0 0 2.81 0 0 2.81 0 0 0 2.81 0 0 2.81 0 0 0 2.81 2.81 0 2.81 
3.22 0 3.22 0 0 0 3.22 3.22 0 0 0 0 3.22 0 0 3.22 0 0 0 3.22 0 0 3.22 0 0 0 3.22 3.22 0 3.22 
2.23 0 2.23 0 0 0 2.23 2.23 0 0 0 0 2.23 0 0 2.23 0 0 0 2.23 0 0 2.23 0 0 0 2.23 2.23 0 2.23 
0 0 0 4.49 0 0 0 0 0 0 0 0 0 0 0 0 4.49 0 4.49 0 0 0 0 0 0 4.49 0 0 0 0 
0 0 0 5.10 0 0 0 0 0 0 0 0 0 0 0 0 5.10 0 5.10 0 0 0 0 0 0 5.10 0 0 0 0 
0 0 0 0 2.79 2.79 0 0 2.79 2.79 2.79 2.79 0 0 0 0 0 0 0 0 0 2.79 0 0 0 0 0 0 2.79 0 
0 0 0 3.91 0 0 0 0 0 0 0 0 0 0 0 0 3.91 0 3.91 0 0 0 0 0 0 3.91 0 0 0 0 
0 4.08 0 0 0 0 0 0 0 0 0 0 0 4.08 4.08 0 0 4.08 0 0 4.08 0 0 4.08 4.08 0 0 0 0 0 
0 0 0 1.71 0 0 0 0 0 0 0 0 0 0 0 0 1.71 0 1.71 0 0 0 0 0 0 1.71 0 0 0 0 
0 0 0 5.54 0 0 0 0 0 0 0 0 0 0 0 0 5.54 0 5.54 0 0 0 0 0 0 5.54 0 0 0 0 
0 0 0 0 2.11 2.11 0 0 2.11 2.11 2.11 2.11 0 0 0 0 0 0 0 0 0 2.11 0 0 0 0 0 0 2.11 0 
0 5.16 0 0 0 0 0 0 0 0 0 0 0 5.16 5.16 0 0 5.16 0 0 5.16 0 0 5.16 5.16 0 0 0 0 0 
0 0 0 2.80 0 0 0 0 0 0 0 0 0 0 0 0 2.80 0 2.80 0 0 0 0 0 0 2.80 0 0 0 0 
0 0 0 0 5.78 5.78 0 0 5.78 5.78 5.78 5.78 0 0 0 0 0 0 0 0 0 5.78 0 0 0 0 0 0 5.78 0 
0 4.48 0 0 0 0 0 0 0 0 0 0 0 4.48 4.48 0 0 4.48 0 0 4.48 0 0 4.48 4.48 0 0 0 0 0 
0 0 0 2.35 0 0 0 0 0 0 0 0 0 0 0 0 2.35 0 2.35 0 0 0 0 0 0 2.35 0 0 0 0 
0 0 0 5.74 0 0 0 0 0 0 0 0 0 0 0 0 5.74 0 5.74 0 0 0 0 0 0 5.74 0 0 0 0 
0 0 0 0 5.18 5.18 0 0 5.18 5.18 5.18 5.18 0 0 0 0 0 0 0 0 0 5.18 0 0 0 0 0 0 5.18 0 
0 0 0 5.30 0 0 0 0 0 0 0 0 0 0 0 0 5.30 0 5.30 0 0 0 0 0 0 5.30 0 0 0 0 
0 2.62 0 0 0 0 0 0 0 0 0 0 0 2.62 2.62 0 0 2.62 0 0 2.62 0 0 2.62 2.62 0 0 0 0 0 
0 5.87 0 0 0 0 0 0 0 0 0 0 0 5.87 5.87 0 0 5.87 0 0 5.87 0 0 5.87 5.87 0 0 0 0 0 
0 3.43 0 0 0 0 0 0 0 0 0 0 0 3.43 3.43 0 0 3.43 0 0 3.43 0 0 3.43 3.43 0 0 0 0 0 
0 0 0 0 3.65 3.65 0 0 3.65 3.65 3.65 3.65 0 0 0 0 0 0 0 0 0 3.65 0 0 0 0 0 0 3.65 0 
0 0 0 0 5.19 5.19 0 0 5.19 5.19 5.19 5.19 0 0 0 0 0 0 0 0 0 5.19 0 0 0 0 0 0 5.19 0 
0 0 0 0 4.74 4.74 0 0 4.74 4.74 4.74 4.74 0 0 0 0 0 0 0 0 0 4.74 0 0 0 0 0 0 4.74 0 
2.28 0 2.28 0 0 0 2.28 2.28 0 0 0 0 2.28 0 0 2.28 0 0 0 2.28 0 0 2.28 0 0 0 2.28 2.28 0 2.28 
0 3.53 0 0 0 0 0 0 0 0 0 0 0 3.53 3.53 0 0 3.53 0 0 3.53 0 0 3.53 3.53 0 0 0 0 0 
0 0 0 0 2.94 2.94 0 0 2.94 2.94 2.94 2.94 0 0 0 0 0 0 0 0 0 2.94 0 0 0 0 0 0 2.94 0 
0 0 0 5.45 0 0 0 0 0 0 0 0 0 0 0 0 5.45 0 5.45 0 0 0 0 0 0 5.45 0 0 0 0 
0 0 0 5.05 0 0 0 0 0 0 0 0 0 0 0 0 5.05 0 5.05 0 0 0 0 0 0 5.05 0 0 0 0 
5.31 0 5.31 0 0 0 5.31 5.31 0 0 0 0 5.31 0 0 5.31 0 0 0 5.31 0 0 5.31 0 0 0 5.31 5.31 0 5.31 
0 0 0 0 2.05 2.05 0 0 2.05 2.05 2.05 2.05 0 0 0 0 0 0 0 0 0 2.05 0 0 0 0 0 0 2.05 0 
0 0 0 1.17 0 0 0 0 0 0 0 0 0 0 0 0 1.17 0 1.17 0 0 0 0 0 0 1.17 0 0 0 0 
0 0 0 1.40 0 0 0 0 0 0 0 0 0 0 0 0 1.40 0 1.40 0 0 0 0 0 0 1.40 0 0 0 0 
0 0 0 0 3.97 3.97 0 0 3.97 3.97 3.97 3.97 0 0 0 0 0 0 0 0 0 3.97 0 0 0 0 0 0 3.97 0 
0 1.94 0 0 0 0 0 0 0 0 0 0 0 1.94 1.94 0 0 1.94 0 0 1.94 0 0 1.94 1.94 0 0 0 0 0 
0 0 0 5.37 0 0 0 0 0 0 0 0 0 0 0 0 5.37 0 5.37 0 0 0 0 0 0 5.37 0 0 0 0 
2.11 0 2.11 0 0 0 2.11 2.11 0 0 0 0 2.11 0 0 2.11 0 0 0 2.11 0 0 2.11 0 0 0 2.11 2.11 0 2.11 
0 0 0 5.04 0 0 0 0 0 0 0 0 0 0 0 0 5.04 0 5.04 0 0 0 0 0 0 5.04 0 0 0 0 
0 0 0 0 3.77 3.77 0 0 3.77 3.77 3.77 3.77 0 0 0 0 0 0 0 0 0 3.77 0 0 0 0 0 0 3.77 0 
0 1.81 0 0 0 0 0 0 0 0 0 0 0 1.81 1.81 0 0 1.81 0 0 1.81 0 0 1.81 1.81 0 0 0 0 0 
0 0 0 0 1.56 1.56 0 0 1.56 1.56 1.56 1.56 0 0 0 0 0 0 0 0 0 1.56 0 0 0 0 0 0 1.56 0 
0 3.54 0 0 0 0 0 0 0 0 0 0 0 3.54 3.54 0 0 3.54 0 0 3.54 0 0 3.54 3.54 0 0 0 0 0 
0 0 0 1.27 0 0 0 0 0 0 0 0 0 0 0 0 1.27 0 1.27 0 0 0 0 0 0 1.27 0 0 0 0 
0 0 0 0 2.55 2.55 0 0 2.55 2.55 2.55 2.55 0 0 0 0 0 0 0 0 0 2.55 0 0 0 0 0 0 2.55 0 
0 5.78 0 0 0 0 0 0 0 0 0 0 0 5.78 5.78 0 0 5.78 0 0 5.78 0 0 5.78 5.78 0 0 0 0 0 
0 4.02 0 0 0 0 0 0 0 0 0 0 0 4.02 4.02 0 0 4.02 0 0 4.02 0 0 4.02 4.02 0 0 0 0 0 
0 0 0 0 4.39 4.39 0 0 4.39 4.39 4.39 4.39 0 0 0 0 0 0 0 0 0 4.39 0 0 0 0 0 0 4.39 0 
0 0 0 4.47 0 0 0 0 0 0 0 0 0 0 0 0 4.47 0 4.47 0 0 0 0 0 0 4.47 0 0 0 0 
0 2.38 0 0 0 0 0 0 0 0 0 0 0 2.38 2.38 0 0 2.38 0 0 2.38 0 0 2.38 2.38 0 0 0 0 0 
0 0 0 0 2.15 2.15 0 0 2.15 2.15 2.15 2.15 0 0 0 0 0 0 0 0 0 2.15 0 0 0 0 0 0 2.15 0 
0 0 0 1.96 0 0 0 0 0 0 0 0 0 0 0 0 1.96 0 1.96 0 0 0 0 0 0 1.96 0 0 0 0 
2.95 0 2.95 0 0 0 2.95 2.95 0 0 0 0 2.95 0 0 2.95 0 0 0 2.95 0 0 2.95 0 0 0 2.95 2.95 0 2.95 
0 0 0 4.06 0 0 0 0 0 0 0 0 0 0 0 0 4.06 0 4.06 0 0 0 0 0 0 4.06 0 0 0 0 
0 4.03 0 0 0 0 0 0 0 0 0 0 0 4.03 4.03 0 0 4.03 0 0 4.03 0 0 4.03 4.03 0 0 0 0 0 
0 0 0 1.47 0 0 0 0 0 0 0 0 0 0 0 0 1.47 0 1.47 0 0 0 0 0 0 1.47 0 0 0 0 
0 0 0 0 1.26 1.26 0 0 1.26 1.26 1.26 1.26 0 0 0 0 0 0 0 0 0 1.26 0 0 0 0 0 0 1.26 0 
0 1.03 0 0 0 0 0 0 0 0 0 0 0 1.03 1.03 0 0 1.03 0 0 1.03 0 0 1.03 1.03 0 0 0 0 0 
0 0 0 4.38 0 0 0 0 0 0 0 0 0 0 0 0 4.38 0 4.38 0 0 0 0 0 0 4.38 0 0 0 0 
0 0 0 0 5.41 5.41 0 0 5.41 5.41 5.41 5.41 0 0 0 0 0 0 0 0 0 5.41 0 0 0 0 0 0 5.41 0 
0 0 0 0 5.32 5.32 0 0 5.32 5.32 5.32 5.32 0 0 0 0 0 0 0 0 0 5.32 0 0 0 0 0 0 5.32 0 
0 0 0 3.74 0 0 0 0 0 0 0 0 0 0 0 0 3.74 0 3.74 0 0 0 0 0 0 3.74 0 0 0 0 
0 3.39 0 0 0 0 0 0 0 0 0 0 0 3.39 3.39 0 0 3.39 0 0 3.39 0 0 3.39 3.39 0 0 0 0 0 
0 5.53 0 0 0 0 0 0 0 0 0 0 0 5.53 5.53 0 0 5.53 0 0 5.53 0 0 5.53 5.53 0 0 0 0 0 
0 0 0 0 1.10 1.10 0 0 1.10 1.10 1.10 1.10 0 0 0 0 0 0 0 0 0 1.10 0 0 0 0 0 0 1.10 0 
0 5.82 0 0 0 0 0 0 0 0 0 0 0 5.82 5.82 0 0 5.82 0 0 5.82 0 0 5.82 5.82 0 0 0 0 0 
0 0 0 4.90 0 0 0 0 0 0 0 0 0 0 0 0 4.90 0 4.90 0 0 0 0 0 0 4.90 0 0 0 0 
0 3.10 0 0 0 0 0 0 0 0 0 0 0 3.10 3.10 0 0 3.10 0 0 3.10 0 0 3.10 3.10 0 0 0 0 0 
0 0 0 5.90 0 0 0 0 0 0 0 0 0 0 0 0 5.90 0 5.90 0 0 0 0 0 0 5.90 0 0 0 0 
0 0 0 0 3.78 3.78 0 0 3.78 3.78 3.78 3.78 0 0 0 0 0 0 0 0 0 3.78 0 0 0 0 0 0 3.78 0 
0 0 0 4.82 0 0 0 0 0 0 0 0 0 0 0 0 4.82 0 4.82 0 0 0 0 0 0 4.82 0 0 0 0 
0 0 0 0 5.67 5.67 0 0 5.67 5.67 5.67 5.67 0 0 0 0 0 0 0 0 0 5.67 0 0 0 0 0 0 5.67 0 
0 0 0 0 5.24 5.24 0 0 5.24 5.24 5.24 5.24 0 0 0 0 0 0 0 0 0 5.24 0 0 0 0 0 0 5.24 0 
3.81 0 3.81 0 0 0 3.81 3.81 0 0 0 0 3.81 0 0 3.81 0 0 0 3.81 0 0 3.81 0 0 0 3.81 3.81 0 3.81 
0 0 0 4.50 0 0 0 0 0 0 0 0 0 0 0 0 4.50 0 4.50 0 0 0 0 0 0 4.50 0 0 0 0 
2.58 0 2.58 0 0 0 2.58 2.58 0 0 0 0 2.58 0 0 2.58 0 0 0 2.58 0 0 2.58 0 0 0 2.58 2.58 0 2.58 
3.65 0 3.65 0 0 0 3.65 3.65 0 0 0 0 3.65 0 0 3.65 0 0 0 3.65 0 0 3.65 0 0 0 3.65 3.65 0 3.65 
0 0 0 0 2.93 2.93 0 0 2.93 2.93 2.93 2.93 0 0 0 0 0 0 0 0 0 2.93 0 0 0 0 0 0 2.93 0 
0 0 0 0 2.85 2.85 0 0 2.85 2.85 2.85 2.85 0 0 0 0 0 0 0 0 0 2.85 0 0 0 0 0 0 2.85 0 
0 4.38 0 0 0 0 0 0 0 0 0 0 0 4.38 4.38 0 0 4.38 0 0 4.38 0 0 4.38 4.38 0 0 0 0 0 
0 0 0 0 1.22 1.22 0 0 1.22 1.22 1.22 1.22 0 0 0 0 0 0 0 0 0 1.22 0 0 0 0 0 0 1.22 0 
0 5.78 0 0 0 0 0 0 0 0 0 0 0 5.78 5.78 0 0 5.78 0 0 5.78 0 0 5.78 5.78 0 0 0 0 0 
0 0 0 0 4.62 4.62 0 0 4.62 4.62 4.62 4.62 0 0 0 0 0 0 0 0 0 4.62 0 0 0 0 0 0 4.62 0 
3.44 0 3.44 0 0 0 3.44 3.44 0 0 0 0 3.44 0 0 3.44 0 0 0 3.44 0 0 3.44 0 0 0 3.44 3.44 0 3.44 
0 1.95 0 0 0 0 0 0 0 0 0 0 0 1.95 1.95 0 0 1.95 0 0 1.95 0 0 1.95 1.95 0 0 0 0 0 
5.74 0 5.74 0 0 0 5.74 5.74 0 0 0 0 5.74 0 0 5.74 0 0 0 5.74 0 0 5.74 0 0 0 5.74 5.74 0 5.74 
0 0 0 4.07 0 0 0 0 0 0 0 0 0 0 0 0 4.07 0 4.07 0 0 0 0 0 0 4.07 0 0 0 0 
0 0 0 0 5.94 5.94 0 0 5.94 5.94 5.94 5.94 0 0 0 0 0 0 0 0 0 5.94 0 0 0 0 0 0 5.94 0 
0 0 0 0 1.47 1.47 0 0 1.47 1.47 1.47 1.47 0 0 0 0 0 0 0 0 0 1.47 0 0 0 0 0 0 1.47 0 
3.30 0 3.30 0 0 0 3.30 3.30 0 0 0 0 3.30 0 0 3.30 0 0 0 3.30 0 0 3.30 0 0 0 3.30 3.30 0 3.30 
0 0 0 4.67 0 0 0 0 0 0 0 0 0 0 0 0 4.67 0 4.67 0 0 0 0 0 0 4.67 0 0 0 0 
0 3.33 0 0 0 0 0 0 0 0 0 0 0 3.33 3.33 0 0 3.33 0 0 3.33 0 0 3.33 3.33 0 0 0 0 0 
0 0 0 3.57 0 0 0 0 0 0 0 0 0 0 0 0 3.57 0 3.57 0 0 0 0 0 0 3.57 0 0 0 0 
0 2.21 0 0 0 0 0 0 0 0 0 0 0 2.21 2.21 0 0 2.21 0 0 2.21 0 0 2.21 2.21 0 0 0 0 0 
5.34 0 5.34 0 0 0 5.34 5.34 0 0 0 0 5.34 0 0 5.34 0 0 0 5.34 0 0 5.34 0 0 0 5.34 5.34 0 5.34 
4.13 0 4.13 0 0 0 4.13 4.13 0 0 0 0 4.13 0 0 4.13 0 0 0 4.13 0 0 4.13 0 0 0 4.13 4.13 0 4.13 
0 4.32 0 0 0 0 0 0 0 0 0 0 0 4.32 4.32 0 0 4.32 0 0 4.32 0 0 4.32 4.32 0 0 0 0 0 
3.87 0 3.87 0 0 0 3.87 3.87 0 0 0 0 3.87 0 0 3.87 0 0 0 3.87 0 0 3.87 0 0 0 3.87 3.87 0 3.87 
2.61 0 2.61 0 0 0 2.61 2.61 0 0 0 0 2.61 0 0 2.61 0 0 0 2.61 0 0 2.61 0 0 0 2.61 2.61 0 2.61 
0 5.34 0 0 0 0 0 0 0 0 0 0 0 5.34 5.34 0 0 5.34 0 0 5.34 0 0 5.34 5.34 0 0 0 0 0 
0 2.44 0 0 0 0 0 0 0 0 0 0 0 2.44 2.44 0 0 2.44 0 0 2.44 0 0 2.44 2.44 0 0 0 0 0 
2.72 0 2.72 0 0 0 2.72 2.72 0 0 0 0 2.72 0 0 2.72 0 0 0 2.72 0 0 2.72 0 0 0 2.72 2.72 0 2.72 
5.99 0 5.99 0 0 0 5.99 5.99 0 0 0 0 5.99 0 0 5.99 0 0 0 5.99 0 0 5.99 0 0 0 5.99 5.99 0 5.99 
0 0 0 1.05 0 0 0 0 0 0 0 0 0 0 0 0 1.05 0 1.05 0 0 0 0 0 0 1.05 0 0 0 0 
0 0 0 0 1.38 1.38 0 0 1.38 1.38 1.38 1.38 0 0 0 0 0 0 0 0 0 1.38 0 0 0 0 0 0 1.38 0 
1.33 0 1.33 0 0 0 1.33 1.33 0 0 0 0 1.33 0 0 1.33 0 0 0 1.33 0 0 1.33 0 0 0 1.33 1.33 0 1.33 
0 5.55 0 0 0 0 0 0 0 0 0 0 0 5.55 5.55 0 0 5.55 0 0 5.55 0 0 5.55 5.55 0 0 0 0 0 
0 0 0 0 4.07 4.07 0 0 4.07 4.07 4.07 4.07 0 0 0 0 0 0 0 0 0 4.07 0 0 0 0 0 0 4.07 0 
0 0 0 0 1.67 1.67 0 0 1.67 1.67 1.67 1.67 0 0 0 0 0 0 0 0 0 1.67 0 0 0 0 0 0 1.67 0 
0 0 0 1.01 0 0 0 0 0 0 0 0 0 0 0 0 1.01 0 1.01 0 0 0 0 0 0 1.01 0 0 0 0 
0 0 0 0 1.29 1.29 0 0 1.29 1.29 1.29 1.29 0 0 0 0 0 0 0 0 0 1.29 0 0 0 0 0 0 1.29 0 
0 0 0 0 5.33 5.33 0 0 5.33 5.33 5.33 5.33 0 0 0 0 0 0 0 0 0 5.33 0 0 0 0 0 0 5.33 0 
0 1.38 0 0 0 0 0 0 0 0 0 0 0 1.38 1.38 0 0 1.38 0 0 1.38 0 0 1.38 1.38 0 0 0 0 0 
0 5.01 0 0 0 0 0 0 0 0 0 0 0 5.01 5.01 0 0 5.01 0 0 5.01 0 0 5.01 5.01 0 0 0 0 0 
3.37 0 3.37 0 0 0 3.37 3.37 0 0 0 0 3.37 0 0 3.37 0 0 0 3.37 0 0 3.37 0 0 0 3.37 3.37 0 3.37 
4.47 0 4.47 0 0 0 4.47 4.47 0 0 0 0 4.47 0 0 4.47 0 0 0 4.47 0 0 4.47 0 0 0 4.47 4.47 0 4.47 
0 0 0 0 3.60 3.60 0 0 3.60 3.60 3.60 3.60 0 0 0 0 0 0 0 0 0 3.60 0 0 0 0 0 0 3.60 0 
0 0 0 0 4.36 4.36 0 0 4.36 4.36 4.36 4.36 0 0 0 0 0 0 0 0 0 4.36 0 0 0 0 0 0 4.36 0 
0 5.95 0 0 0 0 0 0 0 0 0 0 0 5.95 5.95 0 0 5.95 0 0 5.95 0 0 5.95 5.95 0 0 0 0 0 
3.94 0 3.94 0 0 0 3.94 3.94 0 0 0 0 3.94 0 0 3.94 0 0 0 3.94 0 0 3.94 0 0 0 3.94 3.94 0 3.94 
1.95 0 1.95 0 0 0 1.95 1.95 0 0 0 0 1.95 0 0 1.95 0 0 0 1.95 0 0 1.95 0 0 0 1.95 1.95 0 1.95 
0 0 0 0 2.21 2.21 0 0 2.21 2.21 2.21 2.21 0 0 0 0 0 0 0 0 0 2.21 0 0 0 0 0 0 2.21 0 
4.46 0 4.46 0 0 0 4.46 4.46 0 0 0 0 4.46 0 0 4.46 0 0 0 4.46 0 0 4.46 0 0 0 4.46 4.46 0 4.46 
3.15 0 3.15 0 0 0 3.15 3.15 0 0 0 0 3.15 0 0 3.15 0 0 0 3.15 0 0 3.15 0 0 0 3.15 3.15 0 3.15 
3.96 0 3.96 0 0 0 3.96 3.96 0 0 0 0 3.96 0 0 3.96 0 0 0 3.96 0 0 3.96 0 0 0 3.96 3.96 0 3.96 
0 1.30 0 0 0 0 0 0 0 0 0 0 0 1.30 1.30 0 0 1.30 0 0 1.30 0 0 1.30 1.30 0 0 0 0 0 
0 0 0 2.41 0 0 0 0 0 0 0 0 0 0 0 0 2.41 0 2.41 0 0 0 0 0 0 2.41 0 0 0 0 
3.39 0 3.39 0 0 0 3.39 3.39 0 0 0 0 3.39 0 0 3.39 0 0 0 3.39 0 0 3.39 0 0 0 3.39 3.39 0 3.39 
0 0 0 0 2.04 2.04 0 0 2.04 2.04 2.04 2.04 0 0 0 0 0 0 0 0 0 2.04 0 0 0 0 0 0 2.04 0 
5.25 0 5.25 0 0 0 5.25 5.25 0 0 0 0 5.25 0 0 5.25 0 0 0 5.25 0 0 5.25 0 0 0 5.25 5.25 0 5.25 
0 0 0 4.35 0 0 0 0 0 0 0 0 0 0 0 0 4.35 0 4.35 0 0 0 0 0 0 4.35 0 0 0 0 
0 0 0 3.66 0 0 0 0 0 0 0 0 0 0 0 0 3.66 0 3.66 0 0 0 0 0 0 3.66 0 0 0 0 
0 0 0 3.50 0 0 0 0 0 0 0 0 0 0 0 0 3.50 0 3.50 0 0 0 0 0 0 3.50 0 0 0 0 
0 0 0 0 3.34 3.34 0 0 3.34 3.34 3.34 3.34 0 0 0 0 0 0 0 0 0 3.34 0 0 0 0 0 0 3.34 0 
0 0 0 0 5.04 5.04 0 0 5.04 5.04 5.04 5.04 0 0 0 0 0 0 0 0 0 5.04 0 0 0 0 0 0 5.04 0 
0 0 0 2.19 0 0 0 0 0 0 0 0 0 0 0 0 2.19 0 2.19 0 0 0 0 0 0 2.19 0 0 0 0 
3.80 0 3.80 0 0 0 3.80 3.80 0 0 0 0 3.80 0 0 3.80 0 0 0 3.80 0 0 3.80 0 0 0 3.80 3.80 0 3.80 
0 0 0 0 4.91 4.91 0 0 4.91 4.91 4.91 4.91 0 0 0 0 0 0 0 0 0 4.91 0 0 0 0 0 0 4.91 0 
0 3.63 0 0 0 0 0 0 0 0 0 0 0 3.63 3.63 0 0 3.63 0 0 3.63 0 0 3.63 3.63 0 0 0 0 0 
0 0 0 3.12 0 0 0 0 0 0 0 0 0 0 0 0 3.12 0 3.12 0 0 0 0 0 0 3.12 0 0 0 0 
0 1.50 0 0 0 0 0 0 0 0 0 0 0 1.50 1.50 0 0 1.50 0 0 1.50 0 0 1.50 1.50 0 0 0 0 0 
0 3.65 0 0 0 0 0 0 0 0 0 0 0 3.65 3.65 0 0 3.65 0 0 3.65 0 0 3.65 3.65 0 0 0 0 0 
0 0 0 0 2.68 2.68 0 0 2.68 2.68 2.68 2.68 0 0 0 0 0 0 0 0 0 2.68 0 0 0 0 0 0 2.68 0 
2.65 0 2.65 0 0 0 2.65 2.65 0 0 0 0 2.65 0 0 2.65 0 0 0 2.65 0 0 2.65 0 0 0 2.65 2.65 0 2.65 
0 0 0 4.26 0 0 0 0 0 0 0 0 0 0 0 0 4.26 0 4.26 0 0 0 0 0 0 4.26 0 0 0 0 
0 4.09 0 0 0 0 0 0 0 0 0 0 0 4.09 4.09 0 0 4.09 0 0 4.09 0 0 4.09 4.09 0 0 0 0 0 
3.45 0 3.45 0 0 0 3.45 3.45 0 0 0 0 3.45 0 0 3.45 0 0 0 3.45 0 0 3.45 0 0 0 3.45 3.45 0 3.45 
0 4.10 0 0 0 0 0 0 0 0 0 0 0 4.10 4.10 0 0 4.10 0 0 4.10 0 0 4.10 4.10 0 0 0 0 0 
0 0 0 0 2.13 2.13 0 0 2.13 2.13 2.13 2.13 0 0 0 0 0 0 0 0 0 2.13 0 0 0 0 0 0 2.13 0 
0 1.78 0 0 0 0 0 0 0 0 0 0 0 1.78 1.78 0 0 1.78 0 0 1.78 0 0 1.78 1.78 0 0 0 0 0 
3.03 0 3.03 0 0 0 3.03 3.03 0 0 0 0 3.03 0 0 3.03 0 0 0 3.03 0 0 3.03 0 0 0 3.03 3.03 0 3.03 
0 0 0 1.48 0 0 0 0 0 0 0 0 0 0 0 0 1.48 0 1.48 0 0 0 0 0 0 1.48 0 0 0 0 
0 0 0 0 3.08 3.08 0 0 3.08 3.08 3.08 3.08 0 0 0 0 0 0 0 0 0 3.08 0 0 0 0 0 0 3.08 0 
0 0 0 0 1.15 1.15 0 0 1.15 1.15 1.15 1.15 0 0 0 0 0 0 0 0 0 1.15 0 0 0 0 0 0 1.15 0 
2.62 0 2.62 0 0 0 2.62 2.62 0 0 0 0 2.62 0 0 2.62 0 0 0 2.62 0 0 2.62 0 0 0 2.62 2.62 0 2.62 
1.57 0 1.57 0 0 0 1.57 1.57 0 0 0 0 1.57 0 0 1.57 0 0 0 1.57 0 0 1.57 0 0 0 1.57 1.57 0 1.57 
0 5.54 0 0 0 0 0 0 0 0 0 0 0 5.54 5.54 0 0 5.54 0 0 5.54 0 0 5.54 5.54 0 0 0 0 0 
0 4.60 0 0 0 0 0 0 0 0 0 0 0 4.60 4.60 0 0 4.60 0 0 4.60 0 0 4.60 4.60 0 0 0 0 0 
0 0 0 0 3.93 3.93 0 0 3.93 3.93 3.93 3.93 0 0 0 0 0 0 0 0 0 3.93 0 0 0 0 0 0 3.93 0 
4.82 0 4.82 0 0 0 4.82 4.82 0 0 0 0 4.82 0 0 4.82 0 0 0 4.82 0 0 4.82 0 0 0 4.82 4.82 0 4.82 
0 4.09 0 0 0 0 0 0 0 0 0 0 0 4.09 4.09 0 0 4.09 0 0 4.09 0 0 4.09 4.09 0 0 0 0 0 
0 0 0 0 3.93 3.93 0 0 3.93 3.93 3.93 3.93 0 0 0 0 0 0 0 0 0 3.93 0 0 0 0 0 0 3.93 0 
1.90 0 1.90 0 0 0 1.90 1.90 0 0 0 0 1.90 0 0 1.90 0 0 0 1.90 0 0 1.90 0 0 0 1.90 1.90 0 1.90 
0 0 0 0 1.45 1.45 0 0 1.45 1.45 1.45 1.45 0 0 0 0 0 0 0 0 0 1.45 0 0 0 0 0 0 1.45 0 
0 0 0 2.14 0 0 0 0 0 0 0 0 0 0 0 0 2.14 0 2.14 0 0 0 0 0 0 2.14 0 0 0 0 
0 5.30 0 0 0 0 0 0 0 0 0 0 0 5.30 5.30 0 0 5.30 0 0 5.30 0 0 5.30 5.30 0 0 0 0 0 
0 0 0 0 2.35 2.35 0 0 2.35 2.35 2.35 2.35 0 0 0 0 0 0 0 0 0 2.35 0 0 0 0 0 0 2.35 0 
0 4.53 0 0 0 0 0 0 0 0 0 0 0 4.53 4.53 0 0 4.53 0 0 4.53 0 0 4.53 4.53 0 0 0 0 0 
0 0 0 0 4.66 4.66 0 0 4.66 4.66 4.66 4.66 0 0 0 0 0 0 0 0 0 4.66 0 0 0 0 0 0 4.66 0 
0 0 0 1.80 0 0 0 0 0 0 0 0 0 0 0 0 1.80 0 1.80 0 0 0 0 0 0 1.80 0 0 0 0 
0 0 0 2.26 0 0 0 0 0 0 0 0 0 0 0 0 2.26 0 2.26 0 0 0 0 0 0 2.26 0 0 0 0 
0 0 0 0 3.05 3.05 0 0 3.05 3.05 3.05 3.05 0 0 0 0 0 0 0 0 0 3.05 0 0 0 0 0 0 3.05 0 
4.50 0 4.50 0 0 0 4.50 4.50 0 0 0 0 4.50 0 0 4.50 0 0 0 4.50 0 0 4.50 0 0 0 4.50 4.50 0 4.50 
0 0 0 2.99 0 0 0 0 0 0 0 0 0 0 0 0 2.99 0 2.99 0 0 0 0 0 0 2.99 0 0 0 0 
0 0 0 3.80 0 0 0 0 0 0 0 0 0 0 0 0 3.80 0 3.80 0 0 0 0 0 0 3.80 0 0 0 0 
4.05 0 4.05 0 0 0 4.05 4.05 0 0 0 0 4.05 0 0 4.05 0 0 0 4.05 0 0 4.05 0 0 0 4.05 4.05 0 4.05 
0 0 0 0 2.86 2.86 0 0 2.86 2.86 2.86 2.86 0 0 0 0 0 0 0 0 0 2.86 0 0 0 0 0 0 2.86 0 
0 3.97 0 0 0 0 0 0 0 0 0 0 0 3.97 3.97 0 0 3.97 0 0 3.97 0 0 3.97 3.97 0 0 0 0 0 
0 4.92 0 0 0 0 0 0 0 0 0 0 0 4.92 4.92 0 0 4.92 0 0 4.92 0 0 4.92 4.92 0 0 0 0 0 
0 0 0 0 4.28 4.28 0 0 4.28 4.28 4.28 4.28 0 0 0 0 0 0 0 0 0 4.28 0 0 0 0 0 0 4.28 0 
0 0 0 2.73 0 0 0 0 0 0 0 0 0 0 0 0 2.73 0 2.73 0 0 0 0 0 0 2.73 0 0 0 0 
0 0 0 2.24 0 0 0 0 0 0 0 0 0 0 0 0 2.24 0 2.24 0 0 0 0 0 0 2.24 0 0 0 0 
0 0 0 0 5.49 5.49 0 0 5.49 5.49 5.49 5.49 0 0 0 0 0 0 0 0 0 5.49 0 0 0 0 0 0 5.49 0 
0 0 0 0 3.02 3.02 0 0 3.02 3.02 3.02 3.02 0 0 0 0 0 0 0 0 0 3.02 0 0 0 0 0 0 3.02 0 
4.05 0 4.05 0 0 0 4.05 4.05 0 0 0 0 4.05 0 0 4.05 0 0 0 4.05 0 0 4.05 0 0 0 4.05 4.05 0 4.05 
0 0 0 4.01 0 0 0 0 0 0 0 0 0 0 0 0 4.01 0 4.01 0 0 0 0 0 0 4.01 0 0 0 0 
2.69 0 2.69 0 0 0 2.69 2.69 0 0 0 0 2.69 0 0 2.69 0 0 0 2.69 0 0 2.69 0 0 0 2.69 2.69 0 2.69 
4.68 0 4.68 0 0 0 4.68 4.68 0 0 0 0 4.68 0 0 4.68 0 0 0 4.68 0 0 4.68 0 0 0 4.68 4.68 0 4.68 
0 0 0 5.37 0 0 0 0 0 0 0 0 0 0 0 0 5.37 0 5.37 0 0 0 0 0 0 5.37 0 0 0 0 
2.72 0 2.72 0 0 0 2.72 2.72 0 0 0 0 2.72 0 0 2.72 0 0 0 2.72 0 0 2.72 0 0 0 2.72 2.72 0 2.72 
0 3.27 0 0 0 0 0 0 0 0 0 0 0 3.27 3.27 0 0 3.27 0 0 3.27 0 0 3.27 3.27 0 0 0 0 0 
0 0 0 1.38 0 0 0 0 0 0 0 0 0 0 0 0 1.38 0 1.38 0 0 0 0 0 0 1.38 0 0 0 0 
4.43 0 4.43 0 0 0 4.43 4.43 0 0 0 0 4.43 0 0 4.43 0 0 0 4.43 0 0 4.43 0 0 0 4.43 4.43 0 4.43 
0 0 0 1.26 0 0 0 0 0 0 0 0 0 0 0 0 1.26 0 1.26 0 0 0 0 0 0 1.26 0 0 0 0 
0 2.75 0 0 0 0 0 0 0 0 0 0 0 2.75 2.75 0 0 2.75 0 0 2.75 0 0 2.75 2.75 0 0 0 0 0 
2.41 0 2.41 0 0 0 2.41 2.41 0 0 0 0 2.41 0 0 2.41 0 0 0 2.41 0 0 2.41 0 0 0 2.41 2.41 0 2.41 
4.12 0 4.12 0 0 0 4.12 4.12 0 0 0 0 4.12 0 0 4.12 0 0 0 4.12 0 0 4.12 0 0 0 4.12 4.12 0 4.12 
0 0 0 5.58 0 0 0 0 0 0 0 0 0 0 0 0 5.58 0 5.58 0 0 0 0 0 0 5.58 0 0 0 0 
0 3.38 0 0 0 0 0 0 0 0 0 0 0 3.38 3.38 0 0 3.38 0 0 3.38 0 0 3.38 3.38 0 0 0 0 0 
0 0 0 0 5.01 5.01 0 0 5.01 5.01 5.01 5.01 0 0 0 0 0 0 0 0 0 5.01 0 0 0 0 0 0 5.01 0 
0 5.56 0 0 0 0 0 0 0 0 0 0 0 5.56 5.56 0 0 5.56 0 0 5.56 0 0 5.56 5.56 0 0 0 0 0 
1.68 0 1.68 0 0 0 1.68 1.68 0 0 0 0 1.68 0 0 1.68 0 0 0 1.68 0 0 1.68 0 0 0 1.68 1.68 0 1.68 
0 0 0 2.99 0 0 0 0 0 0 0 0 0 0 0 0 2.99 0 2.99 0 0 0 0 0 0 2.99 0 0 0 0 
2.84 0 2.84 0 0 0 2.84 2.84 0 0 0 0 2.84 0 0 2.84 0 0 0 2.84 0 0 2.84 0 0 0 2.84 2.84 0 2.84 
0 1.95 0 0 0 0 0 0 0 0 0 0 0 1.95 1.95 0 0 1.95 0 0 1.95 0 0 1.95 1.95 0 0 0 0 0 
0 0 0 4.45 0 0 0 0 0 0 0 0 0 0 0 0 4.45 0 4.45 0 0 0 0 0 0 4.45 0 0 0 0 
0 0 0 1.45 0 0 0 0 0 0 0 0 0 0 0 0 1.45 0 1.45 0 0 0 0 0 0 1.45 0 0 0 0 
0 0 0 0 5.74 5.74 0 0 5.74 5.74 5.74 5.74 0 0 0 0 0 0 0 0 0 5.74 0 0 0 0 0 0 5.74 0 
0 0 0 4.98 0 0 0 0 0 0 0 0 0 0 0 0 4.98 0 4.98 0 0 0 0 0 0 4.98 0 0 0 0 
1.23 0 1.23 0 0 0 1.23 1.23 0 0 0 0 1.23 0 0 1.23 0 0 0 1.23 0 0 1.23 0 0 0 1.23 1.23 0 1.23 
0 0 0 0 4.53 4.53 0 0 4.53 4.53 4.53 4.53 0 0 0 0 0 0 0 0 0 4.53 0 0 0 0 0 0 4.53 0 
0 0 0 2.52 0 0 0 0 0 0 0 0 0 0 0 0 2.52 0 2.52 0 0 0 0 0 0 2.52 0 0 0 0 
0 5.28 0 0 0 0 0 0 0 0 0 0 0 5.28 5.28 0 0 5.28 0 0 5.28 0 0 5.28 5.28 0 0 0 0 0 
0 5.02 0 0 0 0 0 0 0 0 0 0 0 5.02 5.02 0 0 5.02 0 0 5.02 0 0 5.02 5.02 0 0 0 0 0 
2.24 0 2.24 0 0 0 2.24 2.24 0 0 0 0 2.24 0 0 2.24 0 0 0 2.24 0 0 2.24 0 0 0 2.24 2.24 0 2.24 
0 0 0 5.40 0 0 0 0 0 0 0 0 0 0 0 0 5.40 0 5.40 0 0 0 0 0 0 5.40 0 0 0 0 
0 4.32 0 0 0 0 0 0 0 0 0 0 0 4.32 4.32 0 0 4.32 0 0 4.32 0 0 4.32 4.32 0 0 0 0 0 
0 1.78 0 0 0 0 0 0 0 0 0 0 0 1.78 1.78 0 0 1.78 0 0 1.78 0 0 1.78 1.78 0 0 0 0 0 
4.92 0 4.92 0 0 0 4.92 4.92 0 0 0 0 4.92 0 0 4.92 0 0 0 4.92 0 0 4.92 0 0 0 4.92 4.92 0 4.92 
0 0 0 3.40 0 0 0 0 0 0 0 0 0 0 0 0 3.40 0 3.40 0 0 0 0 0 0 3.40 0 0 0 0 
0 2.56 0 0 0 0 0 0 0 0 0 0 0 2.56 2.56 0 0 2.56 0 0 2.56 0 0 2.56 2.56 0 0 0 0 0 
0 0 0 0 3.70 3.70 0 0 3.70 3.70 3.70 3.70 0 0 0 0 0 0 0 0 0 3.70 0 0 0 0 0 0 3.70 0 
0 5.11 0 0 0 0 0 0 0 0 0 0 0 5.11 5.11 0 0 5.11 0 0 5.11 0 0 5.11 5.11 0 0 0 0 0 
4.37 0 4.37 0 0 0 4.37 4.37 0 0 0 0 4.37 0 0 4.37 0 0 0 4.37 0 0 4.37 0 0 0 4.37 4.37 0 4.37 
0 2.76 0 0 0 0 0 0 0 0 0 0 0 2.76 2.76 0 0 2.76 0 0 2.76 0 0 2.76 2.76 0 0 0 0 0 
0 5.32 0 0 0 0 0 0 0 0 0 0 0 5.32 5.32 0 0 5.32 0 0 5.32 0 0 5.32 5.32 0 0 0 0 0 
2.44 0 2.44 0 0 0 2.44 2.44 0 0 0 0 2.44 0 0 2.44 0 0 0 2.44 0 0 2.44 0 0 0 2.44 2.44 0 2.44 
3.76 0 3.76 0 0 0 3.76 3.76 0 0 0 0 3.76 0 0 3.76 0 0 0 3.76 0 0 3.76 0 0 0 3.76 3.76 0 3.76 
2.19 0 2.19 0 0 0 2.19 2.19 0 0 0 0 2.19 0 0 2.19 0 0 0 2.19 0 0 2.19 0 0 0 2.19 2.19 0 2.19 
1.75 0 1.75 0 0 0 1.75 1.75 0 0 0 0 1.75 0 0 1.75 0 0 0 1.75 0 0 1.75 0 0 0 1.75 1.75 0 1.75 
0 0 0 1.31 0 0 0 0 0 0 0 0 0 0 0 0 1.31 0 1.31 0 0 0 0 0 0 1.31 0 0 0 0 
0 1.72 0 0 0 0 0 0 0 0 0 0 0 1.72 1.72 0 0 1.72 0 0 1.72 0 0 1.72 1.72 0 0 0 0 0 
0 0 0 4.47 0 0 0 0 0 0 0 0 0 0 0 0 4.47 0 4.47 0 0 0 0 0 0 4.47 0 0 0 0 
3.83 0 3.83 0 0 0 3.83 3.83 0 0 0 0 3.83 0 0 3.83 0 0 0 3.83 0 0 3.83 0 0 0 3.83 3.83 0 3.83 
3.14 0 3.14 0 0 0 3.14 3.14 0 0 0 0 3.14 0 0 3.14 0 0 0 3.14 0 0 3.14 0 0 0 3.14 3.14 0 3.14 
0 0 0 3.21 0 0 0 0 0 0 0 0 0 0 0 0 3.21 0 3.21 0 0 0 0 0 0 3.21 0 0 0 0 
0 4.63 0 0 0 0 0 0 0 0 0 0 0 4.63 4.63 0 0 4.63 0 0 4.63 0 0 4.63 4.63 0 0 0 0 0 
0 0 0 0 2.88 2.88 0 0 2.88 2.88 2.88 2.88 0 0 0 0 0 0 0 0 0 2.88 0 0 0 0 0 0 2.88 0 
0 0 0 5.33 0 0 0 0 0 0 0 0 0 0 0 0 5.33 0 5.33 0 0 0 0 0 0 5.33 0 0 0 0 
4.84 0 4.84 0 0 0 4.84 4.84 0 0 0 0 4.84 0 0 4.84 0 0 0 4.84 0 0 4.84 0 0 0 4.84 4.84 0 4.84 
0 5.47 0 0 0 0 0 0 0 0 0 0 0 5.47 5.47 0 0 5.47 0 0 5.47 0 0 5.47 5.47 0 0 0 0 0 
0 3.11 0 0 0 0 0 0 0 0 0 0 0 3.11 3.11 0 0 3.11 0 0 3.11 0 0 3.11 3.11 0 0 0 0 0 
0 0 0 3.76 0 0 0 0 0 0 0 0 0 0 0 0 3.76 0 3.76 0 0 0 0 0 0 3.76 0 0 0 0 
5.64 0 5.64 0 0 0 5.64 5.64 0 0 0 0 5.64 0 0 5.64 0 0 0 5.64 0 0 5.64 0 0 0 5.64 5.64 0 5.64 
0 0 0 0 4.32 4.32 0 0 4.32 4.32 4.32 4.32 0 0 0 0 0 0 0 0 0 4.32 0 0 0 0 0 0 4.32 0 
3.35 0 3.35 0 0 0 3.35 3.35 0 0 0 0 3.35 0 0 3.35 0 0 0 3.35 0 0 3.35 0 0 0 3.35 3.35 0 3.35 
0 0 0 4.13 0 0 0 0 0 0 0 0 0 0 0 0 4.13 0 4.13 0 0 0 0 0 0 4.13 0 0 0 0 
3.14 0 3.14 0 0 0 3.14 3.14 0 0 0 0 3.14 0 0 3.14 0 0 0 3.14 0 0 3.14 0 0 0 3.14 3.14 0 3.14 
0 1.20 0 0 0 0 0 0 0 0 0 0 0 1.20 1.20 0 0 1.20 0 0 1.20 0 0 1.20 1.20 0 0 0 0 0 
0 5.38 0 0 0 0 0 0 0 0 0 0 0 5.38 5.38 0 0 5.38 0 0 5.38 0 0 5.38 5.38 0 0 0 0 0 
0 4.64 0 0 0 0 0 0 0 0 0 0 0 4.64 4.64 0 0 4.64 0 0 4.64 0 0 4.64 4.64 0 0 0 0 0 
0 0 0 0 5.07 5.07 0 0 5.07 5.07 5.07 5.07 0 0 0 0 0 0 0 0 0 5.07 0 0 0 0 0 0 5.07 0 
0 0 0 3.58 0 0 0 0 0 0 0 0 0 0 0 0 3.58 0 3.58 0 0 0 0 0 0 3.58 0 0 0 0 
0 0 0 4.78 0 0 0 0 0 0 0 0 0 0 0 0 4.78 0 4.78 0 0 0 0 0 0 4.78 0 0 0 0 
0 3.92 0 0 0 0 0 0 0 0 0 0 0 3.92 3.92 0 0 3.92 0 0 3.92 0 0 3.92 3.92 0 0 0 0 0 
0 1.41 0 0 0 0 0 0 0 0 0 0 0 1.41 1.41 0 0 1.41 0 0 1.41 0 0 1.41 1.41 0 0 0 0 0 
0 0 0 0 2.51 2.51 0 0 2.51 2.51 2.51 2.51 0 0 0 0 0 0 0 0 0 2.51 0 0 0 0 0 0 2.51 0 
0 0 0 0 1.57 1.57 0 0 1.57 1.57 1.57 1.57 0 0 0 0 0 0 0 0 0 1.57 0 0 0 0 0 0 1.57 0 
0 0 0 3.20 0 0 0 0 0 0 0 0 0 0 0 0 3.20 0 3.20 0 0 0 0 0 0 3.20 0 0 0 0 
5.74 0 5.74 0 0 0 5.74 5.74 0 0 0 0 5.74 0 0 5.74 0 0 0 5.74 0 0 5.74 0 0 0 5.74 5.74 0 5.74 
0 1.70 0 0 0 0 0 0 0 0 0 0 0 1.70 1.70 0 0 1.70 0 0 1.70 0 0 1.70 1.70 0 0 0 0 0 
1.47 0 1.47 0 0 0 1.47 1.47 0 0 0 0 1.47 0 0 1.47 0 0 0 1.47 0 0 1.47 0 0 0 1.47 1.47 0 1.47 
0 0 0 5.74 0 0 0 0 0 0 0 0 0 0 0 0 5.74 0 5.74 0 0 0 0 0 0 5.74 0 0 0 0 
4.73 0 4.73 0 0 0 4.73 4.73 0 0 0 0 4.73 0 0 4.73 0 0 0 4.73 0 0 4.73 0 0 0 4.73 4.73 0 4.73 
0 0 0 4.00 0 0 0 0 0 0 0 0 0 0 0 0 4.00 0 4.00 0 0 0 0 0 0 4.00 0 0 0 0 
0 0 0 0 5.57 5.57 0 0 5.57 5.57 5.57 5.57 0 0 0 0 0 0 0 0 0 5.57 0 0 0 0 0 0 5.57 0 
0 4.67 0 0 0 0 0 0 0 0 0 0 0 4.67 4.67 0 0 4.67 0 0 4.67 0 0 4.67 4.67 0 0 0 0 0 
3.87 0 3.87 0 0 0 3.87 3.87 0 0 0 0 3.87 0 0 3.87 0 0 0 3.87 0 0 3.87 0 0 0 3.87 3.87 0 3.87 
3.79 0 3.79 0 0 0 3.79 3.79 0 0 0 0 3.79 0 0 3.79 0 0 0 3.79 0 0 3.79 0 0 0 3.79 3.79 0 3.79 
0 4.91 0 0 0 0 0 0 0 0 0 0 0 4.91 4.91 0 0 4.91 0 0 4.91 0 0 4.91 4.91 0 0 0 0 0 
0 2.08 0 0 0 0 0 0 0 0 0 0 0 2.08 2.08 0 0 2.08 0 0 2.08 0 0 2.08 2.08 0 0 0 0 0 
3.05 0 3.05 0 0 0 3.05 3.05 0 0 0 0 3.05 0 0 3.05 0 0 0 3.05 0 0 3.05 0 0 0 3.05 3.05 0 3.05 
4.87 0 4.87 0 0 0 4.87 4.87 0 0 0 0 4.87 0 0 4.87 0 0 0 4.87 0 0 4.87 0 0 0 4.87 4.87 0 4.87 
3.77 0 3.77 0 0 0 3.77 3.77 0 0 0 0 3.77 0 0 3.77 0 0 0 3.77 0 0 3.77 0 0 0 3.77 3.77 0 3.77 
0 0 0 0 3.09 3.09 0 0 3.09 3.09 3.09 3.09 0 0 0 0 0 0 0 0 0 3.09 0 0 0 0 0 0 3.09 0 
0 4.92 0 0 0 0 0 0 0 0 0 0 0 4.92 4.92 0 0 4.92 0 0 4.92 0 0 4.92 4.92 0 0 0 0 0 
0 0 0 5.22 0 0 0 0 0 0 0 0 0 0 0 0 5.22 0 5.22 0 0 0 0 0 0 5.22 0 0 0 0 
4.57 0 4.57 0 0 0 4.57 4.57 0 0 0 0 4.57 0 0 4.57 0 0 0 4.57 0 0 4.57 0 0 0 4.57 4.57 0 4.57 
0 0 0 3.32 0 0 0 0 0 0 0 0 0 0 0 0 3.32 0 3.32 0 0 0 0 0 0 3.32 0 0 0 0 
0 0 0 4.89 0 0 0 0 0 0 0 0 0 0 0 0 4.89 0 4.89 0 0 0 0 0 0 4.89 0 0 0 0 
0 3.72 0 0 0 0 0 0 0 0 0 0 0 3.72 3.72 0 0 3.72 0 0 3.72 0 0 3.72 3.72 0 0 0 0 0 
4.70 0 4.70 0 0 0 4.70 4.70 0 0 0 0 4.70 0 0 4.70 0 0 0 4.70 0 0 4.70 0 0 0 4.70 4.70 0 4.70 
0 0 0 1.79 0 0 0 0 0 0 0 0 0 0 0 0 1.79 0 1.79 0 0 0 0 0 0 1.79 0 0 0 0 
0 1.37 0 0 0 0 0 0 0 0 0 0 0 1.37 1.37 0 0 1.37 0 0 1.37 0 0 1.37 1.37 0 0 0 0 0 
0 3.74 0 0 0 0 0 0 0 0 0 0 0 3.74 3.74 0 0 3.74 0 0 3.74 0 0 3.74 3.74 0 0 0 0 0 
0 5.36 0 0 0 0 0 0 0 0 0 0 0 5.36 5.36 0 0 5.36 0 0 5.36 0 0 5.36 5.36 0 0 0 0 0 
3.66 0 3.66 0 0 0 3.66 3.66 0 0 0 0 3.66 0 0 3.66 0 0 0 3.66 0 0 3.66 0 0 0 3.66 3.66 0 3.66 
0 0 0 0 5.76 5.76 0 0 5.76 5.76 5.76 5.76 0 0 0 0 0 0 0 0 0 5.76 0 0 0 0 0 0 5.76 0 
0 0 0 0 4.98 4.98 0 0 4.98 4.98 4.98 4.98 0 0 0 0 0 0 0 0 0 4.98 0 0 0 0 0 0 4.98 0 
0 0 0 4.73 0 0 0 0 0 0 0 0 0 0 0 0 4.73 0 4.73 0 0 0 0 0 0 4.73 0 0 0 0 
0 0 0 0 3.88 3.88 0 0 3.88 3.88 3.88 3.88 0 0 0 0 0 0 0 0 0 3.88 0 0 0 0 0 0 3.88 0 
2.26 0 2.26 0 0 0 2.26 2.26 0 0 0 0 2.26 0 0 2.26 0 0 0 2.26 0 0 2.26 0 0 0 2.26 2.26 0 2.26 
0 0 0 0 2.45 2.45 0 0 2.45 2.45 2.45 2.45 0 0 0 0 0 0 0 0 0 2.45 0 0 0 0 0 0 2.45 0 
3.36 0 3.36 0 0 0 3.36 3.36 0 0 0 0 3.36 0 0 3.36 0 0 0 3.36 0 0 3.36 0 0 0 3.36 3.36 0 3.36 
0 0 0 0 2.81 2.81 0 0 2.81 2.81 2.81 2.81 0 0 0 0 0 0 0 0 0 2.81 0 0 0 0 0 0 2.81 0 
0 3.20 0 0 0 0 0 0 0 0 0 0 0 3.20 3.20 0 0 3.20 0 0 3.20 0 0 3.20 3.20 0 0 0 0 0 
0 0 0 5.88 0 0 0 0 0 0 0 0 0 0 0 0 5.88 0 5.88 0 0 0 0 0 0 5.88 0 0 0 0 
1.95 0 1.95 0 0 0 1.95 1.95 0 0 0 0 1.95 0 0 1.95 0 0 0 1.95 0 0 1.95 0 0 0 1.95 1.95 0 1.95 
4.46 0 4.46 0 0 0 4.46 4.46 0 0 0 0 4.46 0 0 4.46 0 0 0 4.46 0 0 4.46 0 0 0 4.46 4.46 0 4.46 
2.02 0 2.02 0 0 0 2.02 2.02 0 0 0 0 2.02 0 0 2.02 0 0 0 2.02 0 0 2.02 0 0 0 2.02 2.02 0 2.02 
0 0 0 0 3.27 3.27 0 0 3.27 3.27 3.27 3.27 0 0 0 0 0 0 0 0 0 3.27 0 0 0 0 0 0 3.27 0 
0 0 0 2.52 0 0 0 0 0 0 0 0 0 0 0 0 2.52 0 2.52 0 0 0 0 0 0 2.52 0 0 0 0 
5.73 0 5.73 0 0 0 5.73 5.73 0 0 0 0 5.73 0 0 5.73 0 0 0 5.73 0 0 5.73 0 0 0 5.73 5.73 0 5.73 
0 1.60 0 0 0 0 0 0 0 0 0 0 0 1.60 1.60 0 0 1.60 0 0 1.60 0 0 1.60 1.60 0 0 0 0 0 
0 0 0 0 4.13 4.13 0 0 4.13 4.13 4.13 4.13 0 0 0 0 0 0 0 0 0 4.13 0 0 0 0 0 0 4.13 0 
1.78 0 1.78 0 0 0 1.78 1.78 0 0 0 0 1.78 0 0 1.78 0 0 0 1.78 0 0 1.78 0 0 0 1.78 1.78 0 1.78 
2.51 0 2.51 0 0 0 2.51 2.51 0 0 0 0 2.51 0 0 2.51 0 0 0 2.51 0 0 2.51 0 0 0 2.51 2.51 0 2.51 
2.41 0 2.41 0 0 0 2.41 2.41 0 0 0 0 2.41 0 0 2.41 0 0 0 2.41 0 0 2.41 0 0 0 2.41 2.41 0 2.41 
0 1.72 0 0 0 0 0 0 0 0 0 0 0 1.72 1.72 0 0 1.72 0 0 1.72 0 0 1.72 1.72 0 0 0 0 0 
1.53 0 1.53 0 0 0 1.53 1.53 0 0 0 0 1.53 0 0 1.53 0 0 0 1.53 0 0 1.53 0 0 0 1.53 1.53 0 1.53 
0 0 0 3.99 0 0 0 0 0 0 0 0 0 0 0 0 3.99 0 3.99 0 0 0 0 0 0 3.99 0 0 0 0 
0 1.21 0 0 0 0 0 0 0 0 0 0 0 1.21 1.21 0 0 1.21 0 0 1.21 0 0 1.21 1.21 0 0 0 0 0 
2.77 0 2.77 0 0 0 2.77 2.77 0 0 0 0 2.77 0 0 2.77 0 0 0 2.77 0 0 2.77 0 0 0 2.77 2.77 0 2.77 
0 0 0 3.96 0 0 0 0 0 0 0 0 0 0 0 0 3.96 0 3.96 0 0 0 0 0 0 3.96 0 0 0 0 
0 0 0 1.77 0 0 0 0 0 0 0 0 0 0 0 0 1.77 0 1.77 0 0 0 0 0 0 1.77 0 0 0 0 
0 0 0 0 2.47 2.47 0 0 2.47 2.47 2.47 2.47 0 0 0 0 0 0 0 0 0 2.47 0 0 0 0 0 0 2.47 0 
0 0 0 5.01 0 0 0 0 0 0 0 0 0 0 0 0 5.01 0 5.01 0 0 0 0 0 0 5.01 0 0 0 0 
0 0 0 1.23 0 0 0 0 0 0 0 0 0 0 0 0 1.23 0 1.23 0 0 0 0 0 0 1.23 0 0 0 0 
3.79 0 3.79 0 0 0 3.79 3.79 0 0 0 0 3.79 0 0 3.79 0 0 0 3.79 0 0 3.79 0 0 0 3.79 3.79 0 3.79 
0 0 0 0 1.92 1.92 0 0 1.92 1.92 1.92 1.92 0 0 0 0 0 0 0 0 0 1.92 0 0 0 0 0 0 1.92 0 
4.83 0 4.83 0 0 0 4.83 4.83 0 0 0 0 4.83 0 0 4.83 0 0 0 4.83 0 0 4.83 0 0 0 4.83 4.83 0 4.83 
0 1.93 0 0 0 0 0 0 0 0 0 0 0 1.93 1.93 0 0 1.93 0 0 1.93 0 0 1.93 1.93 0 0 0 0 0 
0 0 0 0 1.05 1.05 0 0 1.05 1.05 1.05 1.05 0 0 0 0 0 0 0 0 0 1.05 0 0 0 0 0 0 1.05 0 
0 0 0 0 2.87 2.87 0 0 2.87 2.87 2.87 2.87 0 0 0 0 0 0 0 0 0 2.87 0 0 0 0 0 0 2.87 0 
1.76 0 1.76 0 0 0 1.76 1.76 0 0 0 0 1.76 0 0 1.76 0 0 0 1.76 0 0 1.76 0 0 0 1.76 1.76 0 1.76 
0 0 0 0 3.96 3.96 0 0 3.96 3.96 3.96 3.96 0 0 0 0 0 0 0 0 0 3.96 0 0 0 0 0 0 3.96 0 
1.48 0 1.48 0 0 0 1.48 1.48 0 0 0 0 1.48 0 0 1.48 0 0 0 1.48 0 0 1.48 0 0 0 1.48 1.48 0 1.48 
0 0 0 0 3.79 3.79 0 0 3.79 3.79 3.79 3.79 0 0 0 0 0 0 0 0 0 3.79 0 0 0 0 0 0 3.79 0 
0 1.75 0 0 0 0 0 0 0 0 0 0 0 1.75 1.75 0 0 1.75 0 0 1.75 0 0 1.75 1.75 0 0 0 0 0 
0 0 0 1.72 0 0 0 0 0 0 0 0 0 0 0 0 1.72 0 1.72 0 0 0 0 0 0 1.72 0 0 0 0 
0 0 0 5.71 0 0 0 0 0 0 0 0 0 0 0 0 5.71 0 5.71 0 0 0 0 0 0 5.71 0 0 0 0 
0 0 0 0 2.14 2.14 0 0 2.14 2.14 2.14 2.14 0 0 0 0 0 0 0 0 0 2.14 0 0 0 0 0 0 2.14 0 
0 0 0 0 2.90 2.90 0 0 2.90 2.90 2.90 2.90 0 0 0 0 0 0 0 0 0 2.90 0 0 0 0 0 0 2.90 0 
0 0 0 2.90 0 0 0 0 0 0 0 0 0 0 0 0 2.90 0 2.90 0 0 0 0 0 0 2.90 0 0 0 0 
0 4.23 0 0 0 0 0 0 0 0 0 0 0 4.23 4.23 0 0 4.23 0 0 4.23 0 0 4.23 4.23 0 0 0 0 0 
0 0 0 2.41 0 0 0 0 0 0 0 0 0 0 0 0 2.41 0 2.41 0 0 0 0 0 0 2.41 0 0 0 0 
0 0 0 5.75 0 0 0 0 0 0 0 0 0 0 0 0 5.75 0 5.75 0 0 0 0 0 0 5.75 0 0 0 0 
0 0 0 3.89 0 0 0 0 0 0 0 0 0 0 0 0 3.89 0 3.89 0 0 0 0 0 0 3.89 0 0 0 0 
0 0 0 3.27 0 0 0 0 0 0 0 0 0 0 0 0 3.27 0 3.27 0 0 0 0 0 0 3.27 0 0 0 0 
3.51 0 3.51 0 0 0 3.51 3.51 0 0 0 0 3.51 0 0 3.51 0 0 0 3.51 0 0 3.51 0 0 0 3.51 3.51 0 3.51 
0 0 0 0 4.57 4.57 0 0 4.57 4.57 4.57 4.57 0 0 0 0 0 0 0 0 0 4.57 0 0 0 0 0 0 4.57 0 
5.28 0 5.28 0 0 0 5.28 5.28 0 0 0 0 5.28 0 0 5.28 0 0 0 5.28 0 0 5.28 0 0 0 5.28 5.28 0 5.28 
0 4.24 0 0 0 0 0 0 0 0 0 0 0 4.24 4.24 0 0 4.24 0 0 4.24 0 0 4.24 4.24 0 0 0 0 0 
0 0 0 0 3.48 3.48 0 0 3.48 3.48 3.48 3.48 0 0 0 0 0 0 0 0 0 3.48 0 0 0 0 0 0 3.48 0 
0 0 0 0 2.45 2.45 0 0 2.45 2.45 2.45 2.45 0 0 0 0 0 0 0 0 0 2.45 0 0 0 0 0 0 2.45 0 
0 0 0 3.22 0 0 0 0 0 0 0 0 0 0 0 0 3.22 0 3.22 0 0 0 0 0 0 3.22 0 0 0 0 
0 0 0 0 2.52 2.52 0 0 2.52 2.52 2.52 2.52 0 0 0 0 0 0 0 0 0 2.52 0 0 0 0 0 0 2.52 0 
2.43 0 2.43 0 0 0 2.43 2.43 0 0 0 0 2.43 0 0 2.43 0 0 0 2.43 0 0 2.43 0 0 0 2.43 2.43 0 2.43 
0 5.01 0 0 0 0 0 0 0 0 0 0 0 5.01 5.01 0 0 5.01 0 0 5.01 0 0 5.01 5.01 0 0 0 0 0 
0 0 0 5.01 0 0 0 0 0 0 0 0 0 0 0 0 5.01 0 5.01 0 0 0 0 0 0 5.01 0 0 0 0 
0 1.48 0 0 0 0 0 0 0 0 0 0 0 1.48 1.48 0 0 1.48 0 0 1.48 0 0 1.48 1.48 0 0 0 0 0 
0 2.35 0 0 0 0 0 0 0 0 0 0 0 2.35 2.35 0 0 2.35 0 0 2.35 0 0 2.35 2.35 0 0 0 0 0 
0 0 0 1.69 0 0 0 0 0 0 0 0 0 0 0 0 1.69 0 1.69 0 0 0 0 0 0 1.69 0 0 0 0 
0 0 0 2.04 0 0 0 0 0 0 0 0 0 0 0 0 2.04 0 2.04 0 0 0 0 0 0 2.04 0 0 0 0 
1.42 0 1.42 0 0 0 1.42 1.42 0 0 0 0 1.42 0 0 1.42 0 0 0 1.42 0 0 1.42 0 0 0 1.42 1.42 0 1.42 
0 0 0 0 1.03 1.03 0 0 1.03 1.03 1.03 1.03 0 0 0 0 0 0 0 0 0 1.03 0 0 0 0 0 0 1.03 0 
0 0 0 0 3.84 3.84 0 0 3.84 3.84 3.84 3.84 0 0 0 0 0 0 0 0 0 3.84 0 0 0 0 0 0 3.84 0 
0 0 0 1.03 0 0 0 0 0 0 0 0 0 0 0 0 1.03 0 1.03 0 0 0 0 0 0 1.03 0 0 0 0 
0 0 0 1.02 0 0 0 0 0 0 0 0 0 0 0 0 1.02 0 1.02 0 0 0 0 0 0 1.02 0 0 0 0 
0 0 0 5.24 0 0 0 0 0 0 0 0 0 0 0 0 5.24 0 5.24 0 0 0 0 0 0 5.24 0 0 0 0 
0 5.11 0 0 0 0 0 0 0 0 0 0 0 5.11 5.11 0 0 5.11 0 0 5.11 0 0 5.11 5.11 0 0 0 0 0 
0 4.48 0 0 0 0 0 0 0 0 0 0 0 4.48 4.48 0 0 4.48 0 0 4.48 0 0 4.48 4.48 0 0 0 0 0 
0 0 0 5.66 0 0 0 0 0 0 0 0 0 0 0 0 5.66 0 5.66 0 0 0 0 0 0 5.66 0 0 0 0 
0 0 0 0 2.01 2.01 0 0 2.01 2.01 2.01 2.01 0 0 0 0 0 0 0 0 0 2.01 0 0 0 0 0 0 2.01 0 
0 3.20 0 0 0 0 0 0 0 0 0 0 0 3.20 3.20 0 0 3.20 0 0 3.20 0 0 3.20 3.20 0 0 0 0 0 
0 0 0 4.56 0 0 0 0 0 0 0 0 0 0 0 0 4.56 0 4.56 0 0 0 0 0 0 4.56 0 0 0 0 
0 0 0 2.35 0 0 0 0 0 0 0 0 0 0 0 0 2.35 0 2.35 0 0 0 0 0 0 2.35 0 0 0 0 
0 0 0 0 5.53 5.53 0 0 5.53 5.53 5.53 5.53 0 0 0 0 0 0 0 0 0 5.53 0 0 0 0 0 0 5.53 0 
0 1.02 0 0 0 0 0 0 0 0 0 0 0 1.02 1.02 0 0 1.02 0 0 1.02 0 0 1.02 1.02 0 0 0 0 0 
0 0 0 5.03 0 0 0 0 0 0 0 0 0 0 0 0 5.03 0 5.03 0 0 0 0 0 0 5.03 0 0 0 0 
0 5.92 0 0 0 0 0 0 0 0 0 0 0 5.92 5.92 0 0 5.92 0 0 5.92 0 0 5.92 5.92 0 0 0 0 0 
0 0 0 0 5.79 5.79 0 0 5.79 5.79 5.79 5.79 0 0 0 0 0 0 0 0 0 5.79 0 0 0 0 0 0 5.79 0 
0 0 0 0 1.57 1.57 0 0 1.57 1.57 1.57 1.57 0 0 0 0 0 0 0 0 0 1.57 0 0 0 0 0 0 1.57 0 
3.97 0 3.97 0 0 0 3.97 3.97 0 0 0 0 3.97 0 0 3.97 0 0 0 3.97 0 0 3.97 0 0 0 3.97 3.97 0 3.97 
4.25 0 4.25 0 0 0 4.25 4.25 0 0 0 0 4.25 0 0 4.25 0 0 0 4.25 0 0 4.25 0 0 0 4.25 4.25 0 4.25 
4.25 0 4.25 0 0 0 4.25 4.25 0 0 0 0 4.25 0 0 4.25 0 0 0 4.25 0 0 4.25 0 0 0 4.25 4.25 0 4.25 
0 2.74 0 0 0 0 0 0 0 0 0 0 0 2.74 2.74 0 0 2.74 0 0 2.74 0 0 2.74 2.74 0 0 0 0 0 
0 0 0 1.24 0 0 0 0 0 0 0 0 0 0 0 0 1.24 0 1.24 0 0 0 0 0 0 1.24 0 0 0 0 
2.83 0 2.83 0 0 0 2.83 2.83 0 0 0 0 2.83 0 0 2.83 0 0 0 2.83 0 0 2.83 0 0 0 2.83 2.83 0 2.83 
0 5.81 0 0 0 0 0 0 0 0 0 0 0 5.81 5.81 0 0 5.81 0 0 5.81 0 0 5.81 5.81 0 0 0 0 0 
0 0 0 0 2.32 2.32 0 0 2.32 2.32 2.32 2.32 0 0 0 0 0 0 0 0 0 2.32 0 0 0 0 0 0 2.32 0 
0 0 0 2.93 0 0 0 0 0 0 0 0 0 0 0 0 2.93 0 2.93 0 0 0 0 0 0 2.93 0 0 0 0 
5.12 0 5.12 0 0 0 5.12 5.12 0 0 0 0 5.12 0 0 5.12 0 0 0 5.12 0 0 5.12 0 0 0 5.12 5.12 0 5.12 
0 5.57 0 0 0 0 0 0 0 0 0 0 0 5.57 5.57 0 0 5.57 0 0 5.57 0 0 5.57 5.57 0 0 0 0 0 
0 0 0 0 3.17 3.17 0 0 3.17 3.17 3.17 3.17 0 0 0 0 0 0 0 0 0 3.17 0 0 0 0 0 0 3.17 0 
1.35 0 1.35 0 0 0 1.35 1.35 0 0 0 0 1.35 0 0 1.35 0 0 0 1.35 0 0 1.35 0 0 0 1.35 1.35 0 1.35 
0 0 0 5.41 0 0 0 0 0 0 0 0 0 0 0 0 5.41 0 5.41 0 0 0 0 0 0 5.41 0 0 0 0 
0 0 0 3.47 0 0 0 0 0 0 0 0 0 0 0 0 3.47 0 3.47 0 0 0 0 0 0 3.47 0 0 0 0 
5.34 0 5.34 0 0 0 5.34 5.34 0 0 0 0 5.34 0 0 5.34 0 0 0 5.34 0 0 5.34 0 0 0 5.34 5.34 0 5.34 
3.13 0 3.13 0 0 0 3.13 3.13 0 0 0 0 3.13 0 0 3.13 0 0 0 3.13 0 0 3.13 0 0 0 3.13 3.13 0 3.13 
4.88 0 4.88 0 0 0 4.88 4.88 0 0 0 0 4.88 0 0 4.88 0 0 0 4.88 0 0 4.88 0 0 0 4.88 4.88 0 4.88 
0 0 0 0 4.22 4.22 0 0 4.22 4.22 4.22 4.22 0 0 0 0 0 0 0 0 0 4.22 0 0 0 0 0 0 4.22 0 
4.58 0 4.58 0 0 0 4.58 4.58 0 0 0 0 4.58 0 0 4.58 0 0 0 4.58 0 0 4.58 0 0 0 4.58 4.58 0 4.58 
0 0 0 0 4.15 4.15 0 0 4.15 4.15 4.15 4.15 0 0 0 0 0 0 0 0 0 4.15 0 0 0 0 0 0 4.15 0 
0 4.56 0 0 0 0 0 0 0 0 0 0 0 4.56 4.56 0 0 4.56 0 0 4.56 0 0 4.56 4.56 0 0 0 0 0 
0 0 0 4.98 0 0 0 0 0 0 0 0 0 0 0 0 4.98 0 4.98 0 0 0 0 0 0 4.98 0 0 0 0 
0 0 0 1.19 0 0 0 0 0 0 0 0 0 0 0 0 1.19 0 1.19 0 0 0 0 0 0 1.19 0 0 0 0 
0 0 0 0 4.67 4.67 0 0 4.67 4.67 4.67 4.67 0 0 0 0 0 0 0 0 0 4.67 0 0 0 0 0 0 4.67 0 
0 0 0 0 5.78 5.78 0 0 5.78 5.78 5.78 5.78 0 0 0 0 0 0 0 0 0 5.78 0 0 0 0 0 0 5.78 0 
2.80 0 2.80 0 0 0 2.80 2.80 0 0 0 0 2.80 0 0 2.80 0 0 0 2.80 0 0 2.80 0 0 0 2.80 2.80 0 2.80 
3.64 0 3.64 0 0 0 3.64 3.64 0 0 0 0 3.64 0 0 3.64 0 0 0 3.64 0 0 3.64 0 0 0 3.64 3.64 0 3.64 
0 4.55 0 0 0 0 0 0 0 0 0 0 0 4.55 4.55 0 0 4.55 0 0 4.55 0 0 4.55 4.55 0 0 0 0 0 
0 0 0 4.54 0 0 0 0 0 0 0 0 0 0 0 0 4.54 0 4.54 0 0 0 0 0 0 4.54 0 0 0 0 
0 4.10 0 0 0 0 0 0 0 0 0 0 0 4.10 4.10 0 0 4.10 0 0 4.10 0 0 4.10 4.10 0 0 0 0 0 
0 445.6244 0 0 0 0 0 0 0 0 0 0 0 445.6244 445.6244 0 0 445.6244 0 0 445.6244 0 0 445.6244 445.6244 0 0 0 0 0 
0 0 0 725.1979 0 0 0 0 0 0 0 0 0 0 0 0 725.1979 0 725.1979 0 0 0 0 0 0 725.1979 0 0 0 0 
0 0 0 99.95748 0 0 0 0 0 0 0 0 0 0 0 0 99.95748 0 99.95748 0 0 0 0 0 0 99.95748 0 0 0 0 
0 0 0 286.34756 0 0 0 0 0 0 0 0 0 0 0 0 286.34756 0 286.34756 0 0 0 0 0 0 286.34756 0 0 0 0 
0 0 0 0 435.34457 435.34457 0 0 435.34457 435.34457 435.34457 435.34457 0 0 0 0 0 0 0 0 0 435.34457 0 0 0 0 0 0 435.34457 0 
227.38687 0 227.38687 0 0 0 227.38687 227.38687 0 0 0 0 227.38687 0 0 227.38687 0 0 0 227.38687 0 0 227.38687 0 0 0 227.38687 227.38687 0 227.38687 
0 0 0 0 95.74521 95.74521 0 0 95.74521 95.74521 95.74521 95.74521 0 0 0 0 0 0 0 0 0 95.74521 0 0 0 0 0 0 95.74521 0 
0 0 0 0 546.8971 546.8971 0 0 546.8971 546.8971 546.8971 546.8971 0 0 0 0 0 0 0 0 0 546.8971 0 0 0 0 0 0 546.8971 0 
0 0 0 396.24954 0 0 0 0 0 0 0 0 0 0 0 0 396.24954 0 396.24954 0 0 0 0 0 0 396.24954 0 0 0 0 
471.8664 0 471.8664 0 0 0 471.8664 471.8664 0 0 0 0 471.8664 0 0 471.8664 0 0 0 471.8664 0 0 471.8664 0 0 0 471.8664 471.8664 0 471.8664 
279.7133 0 279.7133 0 0 0 279.7133 279.7133 0 0 0 0 279.7133 0 0 279.7133 0 0 0 279.7133 0 0 279.7133 0 0 0 279.7133 279.7133 0 279.7133 
0 532.647 0 0 0 0 0 0 0 0 0 0 0 532.647 532.647 0 0 532.647 0 0 532.647 0 0 532.647 532.647 0 0 0 0 0 
0 0 0 549.3551 0 0 0 0 0 0 0 0 0 0 0 0 549.3551 0 549.3551 0 0 0 0 0 0 549.3551 0 0 0 0 
0 0 0 475.7803 0 0 0 0 0 0 0 0 0 0 0 0 475.7803 0 475.7803 0 0 0 0 0 0 475.7803 0 0 0 0 
0 677.00244 0 0 0 0 0 0 0 0 0 0 0 677.00244 677.00244 0 0 677.00244 0 0 677.00244 0 0 677.00244 677.00244 0 0 0 0 0 
0 0 0 0 783.3947 783.3947 0 0 783.3947 783.3947 783.3947 783.3947 0 0 0 0 0 0 0 0 0 783.3947 0 0 0 0 0 0 783.3947 0 
0 0 0 0 568.5807 568.5807 0 0 568.5807 568.5807 568.5807 568.5807 0 0 0 0 0 0 0 0 0 568.5807 0 0 0 0 0 0 568.5807 0 
171.88858 0 171.88858 0 0 0 171.88858 171.88858 0 0 0 0 171.88858 0 0 171.88858 0 0 0 171.88858 0 0 171.88858 0 0 0 171.88858 171.88858 0 171.88858 
175.02663 0 175.02663 0 0 0 175.02663 175.02663 0 0 0 0 175.02663 0 0 175.02663 0 0 0 175.02663 0 0 175.02663 0 0 0 175.02663 175.02663 0 175.02663 
0 1042.8939 0 0 0 0 0 0 0 0 0 0 0 1042.8939 1042.8939 0 0 1042.8939 0 0 1042.8939 0 0 1042.8939 1042.8939 0 0 0 0 0 
0 0 0 215.42172 0 0 0 0 0 0 0 0 0 0 0 0 215.42172 0 215.42172 0 0 0 0 0 0 215.42172 0 0 0 0 
0 0 0 0 1000.36957 1000.36957 0 0 1000.36957 1000.36957 1000.36957 1000.36957 0 0 0 0 0 0 0 0 0 1000.36957 0 0 0 0 0 0 1000.36957 0 
0 244.92111 0 0 0 0 0 0 0 0 0 0 0 244.92111 244.92111 0 0 244.92111 0 0 244.92111 0 0 244.92111 244.92111 0 0 0 0 0 
681.44836 0 681.44836 0 0 0 681.44836 681.44836 0 0 0 0 681.44836 0 0 681.44836 0 0 0 681.44836 0 0 681.44836 0 0 0 681.44836 681.44836 0 681.44836 
0 0 0 417.5904 0 0 0 0 0 0 0 0 0 0 0 0 417.5904 0 417.5904 0 0 0 0 0 0 417.5904 0 0 0 0 
0 0 0 373.7143 0 0 0 0 0 0 0 0 0 0 0 0 373.7143 0 373.7143 0 0 0 0 0 0 373.7143 0 0 0 0 
0 0 0 298.27817 0 0 0 0 0 0 0 0 0 0 0 0 298.27817 0 298.27817 0 0 0 0 0 0 298.27817 0 0 0 0 
197.24603 0 197.24603 0 0 0 197.24603 197.24603 0 0 0 0 197.24603 0 0 197.24603 0 0 0 197.24603 0 0 197.24603 0 0 0 197.24603 197.24603 0 197.24603 
0 0 0 378.7094 0 0 0 0 0 0 0 0 0 0 0 0 378.7094 0 378.7094 0 0 0 0 0 0 378.7094 0 0 0 0 
0 0 0 201.28905 0 0 0 0 0 0 0 0 0 0 0 0 201.28905 0 201.28905 0 0 0 0 0 0 201.28905 0 0 0 0 
0 0 0 734.2562 0 0 0 0 0 0 0 0 0 0 0 0 734.2562 0 734.2562 0 0 0 0 0 0 734.2562 0 0 0 0 
0 0 0 0 323.31158 323.31158 0 0 323.31158 323.31158 323.31158 323.31158 0 0 0 0 0 0 0 0 0 323.31158 0 0 0 0 0 0 323.31158 0 
421.70438 0 421.70438 0 0 0 421.70438 421.70438 0 0 0 0 421.70438 0 0 421.70438 0 0 0 421.70438 0 0 421.70438 0 0 0 421.70438 421.70438 0 421.70438 
864.223 0 864.223 0 0 0 864.223 864.223 0 0 0 0 864.223 0 0 864.223 0 0 0 864.223 0 0 864.223 0 0 0 864.223 864.223 0 864.223 
0 0 0 125.98923 0 0 0 0 0 0 0 0 0 0 0 0 125.98923 0 125.98923 0 0 0 0 0 0 125.98923 0 0 0 0 
489.14456 0 489.14456 0 0 0 489.14456 489.14456 0 0 0 0 489.14456 0 0 489.14456 0 0 0 489.14456 0 0 489.14456 0 0 0 489.14456 489.14456 0 489.14456 
0 0 0 0 474.6093 474.6093 0 0 474.6093 474.6093 474.6093 474.6093 0 0 0 0 0 0 0 0 0 474.6093 0 0 0 0 0 0 474.6093 0 
0 0 0 552.87524 0 0 0 0 0 0 0 0 0 0 0 0 552.87524 0 552.87524 0 0 0 0 0 0 552.87524 0 0 0 0 
0 0 0 431.9519 0 0 0 0 0 0 0 0 0 0 0 0 431.9519 0 431.9519 0 0 0 0 0 0 431.9519 0 0 0 0 
0 0 0 426.2601 0 0 0 0 0 0 0 0 0 0 0 0 426.2601 0 426.2601 0 0 0 0 0 0 426.2601 0 0 0 0 
0 105.625374 0 0 0 0 0 0 0 0 0 0 0 105.625374 105.625374 0 0 105.625374 0 0 105.625374 0 0 105.625374 105.625374 0 0 0 0 0 
337.1021 0 337.1021 0 0 0 337.1021 337.1021 0 0 0 0 337.1021 0 0 337.1021 0 0 0 337.1021 0 0 337.1021 0 0 0 337.1021 337.1021 0 337.1021 
518.02216 0 518.02216 0 0 0 518.02216 518.02216 0 0 0 0 518.02216 0 0 518.02216 0 0 0 518.02216 0 0 518.02216 0 0 0 518.02216 518.02216 0 518.02216 
0 582.14935 0 0 0 0 0 0 0 0 0 0 0 582.14935 582.14935 0 0 582.14935 0 0 582.14935 0 0 582.14935 582.14935 0 0 0 0 0 
217.30644 0 217.30644 0 0 0 217.30644 217.30644 0 0 0 0 217.30644 0 0 217.30644 0 0 0 217.30644 0 0 217.30644 0 0 0 217.30644 217.30644 0 217.30644 
0 970.31134 0 0 0 0 0 0 0 0 0 0 0 970.31134 970.31134 0 0 970.31134 0 0 970.31134 0 0 970.31134 970.31134 0 0 0 0 0 
231.38367 0 231.38367 0 0 0 231.38367 231.38367 0 0 0 0 231.38367 0 0 231.38367 0 0 0 231.38367 0 0 231.38367 0 0 0 231.38367 231.38367 0 231.38367 
424.7998 0 424.7998 0 0 0 424.7998 424.7998 0 0 0 0 424.7998 0 0 424.7998 0 0 0 424.7998 0 0 424.7998 0 0 0 424.7998 424.7998 0 424.7998 
275.4517 0 275.4517 0 0 0 275.4517 275.4517 0 0 0 0 275.4517 0 0 275.4517 0 0 0 275.4517 0 0 275.4517 0 0 0 275.4517 275.4517 0 275.4517 
0 0 0 560.1333 0 0 0 0 0 0 0 0 0 0 0 0 560.1333 0 560.1333 0 0 0 0 0 0 560.1333 0 0 0 0 
0 0 0 411.45157 0 0 0 0 0 0 0 0 0 0 0 0 411.45157 0 411.45157 0 0 0 0 0 0 411.45157 0 0 0 0 
0 0 0 0 334.53842 334.53842 0 0 334.53842 334.53842 334.53842 334.53842 0 0 0 0 0 0 0 0 0 334.53842 0 0 0 0 0 0 334.53842 0 
0 0 0 238.70157 0 0 0 0 0 0 0 0 0 0 0 0 238.70157 0 238.70157 0 0 0 0 0 0 238.70157 0 0 0 0 
0 445.52835 0 0 0 0 0 0 0 0 0 0 0 445.52835 445.52835 0 0 445.52835 0 0 445.52835 0 0 445.52835 445.52835 0 0 0 0 0 
0 0 0 167.41487 0 0 0 0 0 0 0 0 0 0 0 0 167.41487 0 167.41487 0 0 0 0 0 0 167.41487 0 0 0 0 
0 0 0 431.97968 0 0 0 0 0 0 0 0 0 0 0 0 431.97968 0 431.97968 0 0 0 0 0 0 431.97968 0 0 0 0 
0 0 0 0 211.33595 211.33595 0 0 211.33595 211.33595 211.33595 211.33595 0 0 0 0 0 0 0 0 0 211.33595 0 0 0 0 0 0 211.33595 0 
0 499.69492 0 0 0 0 0 0 0 0 0 0 0 499.69492 499.69492 0 0 499.69492 0 0 499.69492 0 0 499.69492 499.69492 0 0 0 0 0 
0 0 0 248.7591 0 0 0 0 0 0 0 0 0 0 0 0 248.7591 0 248.7591 0 0 0 0 0 0 248.7591 0 0 0 0 
0 0 0 0 800.6366 800.6366 0 0 800.6366 800.6366 800.6366 800.6366 0 0 0 0 0 0 0 0 0 800.6366 0 0 0 0 0 0 800.6366 0 
0 85.52417 0 0 0 0 0 0 0 0 0 0 0 85.52417 85.52417 0 0 85.52417 0 0 85.52417 0 0 85.52417 85.52417 0 0 0 0 0 
0 0 0 124.20744 0 0 0 0 0 0 0 0 0 0 0 0 124.20744 0 124.20744 0 0 0 0 0 0 124.20744 0 0 0 0 
0 0 0 500.28412 0 0 0 0 0 0 0 0 0 0 0 0 500.28412 0 500.28412 0 0 0 0 0 0 500.28412 0 0 0 0 
0 0 0 0 481.3649 481.3649 0 0 481.3649 481.3649 481.3649 481.3649 0 0 0 0 0 0 0 0 0 481.3649 0 0 0 0 0 0 481.3649 0 
0 0 0 831.52747 0 0 0 0 0 0 0 0 0 0 0 0 831.52747 0 831.52747 0 0 0 0 0 0 831.52747 0 0 0 0 
0 143.16231 0 0 0 0 0 0 0 0 0 0 0 143.16231 143.16231 0 0 143.16231 0 0 143.16231 0 0 143.16231 143.16231 0 0 0 0 0 
0 670.9153 0 0 0 0 0 0 0 0 0 0 0 670.9153 670.9153 0 0 670.9153 0 0 670.9153 0 0 670.9153 670.9153 0 0 0 0 0 
0 158.00755 0 0 0 0 0 0 0 0 0 0 0 158.00755 158.00755 0 0 158.00755 0 0 158.00755 0 0 158.00755 158.00755 0 0 0 0 0 
0 0 0 0 441.6461 441.6461 0 0 441.6461 441.6461 441.6461 441.6461 0 0 0 0 0 0 0 0 0 441.6461 0 0 0 0 0 0 441.6461 0 
0 0 0 0 686.2824 686.2824 0 0 686.2824 686.2824 686.2824 686.2824 0 0 0 0 0 0 0 0 0 686.2824 0 0 0 0 0 0 686.2824 0 
0 0 0 0 721.61816 721.61816 0 0 721.61816 721.61816 721.61816 721.61816 0 0 0 0 0 0 0 0 0 721.61816 0 0 0 0 0 0 721.61816 0 
395.37997 0 395.37997 0 0 0 395.37997 395.37997 0 0 0 0 395.37997 0 0 395.37997 0 0 0 395.37997 0 0 395.37997 0 0 0 395.37997 395.37997 0 395.37997 
0 385.00208 0 0 0 0 0 0 0 0 0 0 0 385.00208 385.00208 0 0 385.00208 0 0 385.00208 0 0 385.00208 385.00208 0 0 0 0 0 
0 0 0 0 533.4721 533.4721 0 0 533.4721 533.4721 533.4721 533.4721 0 0 0 0 0 0 0 0 0 533.4721 0 0 0 0 0 0 533.4721 0 
0 0 0 837.788 0 0 0 0 0 0 0 0 0 0 0 0 837.788 0 837.788 0 0 0 0 0 0 837.788 0 0 0 0 
0 0 0 789.2592 0 0 0 0 0 0 0 0 0 0 0 0 789.2592 0 789.2592 0 0 0 0 0 0 789.2592 0 0 0 0 
364.962 0 364.962 0 0 0 364.962 364.962 0 0 0 0 364.962 0 0 364.962 0 0 0 364.962 0 0 364.962 0 0 0 364.962 364.962 0 364.962 
0 0 0 0 297.64685 297.64685 0 0 297.64685 297.64685 297.64685 297.64685 0 0 0 0 0 0 0 0 0 297.64685 0 0 0 0 0 0 297.64685 0 
0 0 0 96.9904 0 0 0 0 0 0 0 0 0 0 0 0 96.9904 0 96.9904 0 0 0 0 0 0 96.9904 0 0 0 0 
0 0 0 164.98616 0 0 0 0 0 0 0 0 0 0 0 0 164.98616 0 164.98616 0 0 0 0 0 0 164.98616 0 0 0 0 
0 0 0 0 452.22147 452.22147 0 0 452.22147 452.22147 452.22147 452.22147 0 0 0 0 0 0 0 0 0 452.22147 0 0 0 0 0 0 452.22147 0 
0 176.97472 0 0 0 0 0 0 0 0 0 0 0 176.97472 176.97472 0 0 176.97472 0 0 176.97472 0 0 176.97472 176.97472 0 0 0 0 0 
0 0 0 776.3229 0 0 0 0 0 0 0 0 0 0 0 0 776.3229 0 776.3229 0 0 0 0 0 0 776.3229 0 0 0 0 
349.83038 0 349.83038 0 0 0 349.83038 349.83038 0 0 0 0 349.83038 0 0 349.83038 0 0 0 349.83038 0 0 349.83038 0 0 0 349.83038 349.83038 0 349.83038 
0 0 0 575.7217 0 0 0 0 0 0 0 0 0 0 0 0 575.7217 0 575.7217 0 0 0 0 0 0 575.7217 0 0 0 0 
0 0 0 0 522.29333 522.29333 0 0 522.29333 522.29333 522.29333 522.29333 0 0 0 0 0 0 0 0 0 522.29333 0 0 0 0 0 0 522.29333 0 
0 209.18213 0 0 0 0 0 0 0 0 0 0 0 209.18213 209.18213 0 0 209.18213 0 0 209.18213 0 0 209.18213 209.18213 0 0 0 0 0 
0 0 0 0 227.81451 227.81451 0 0 227.81451 227.81451 227.81451 227.81451 0 0 0 0 0 0 0 0 0 227.81451 0 0 0 0 0 0 227.81451 0 
0 458.8967 0 0 0 0 0 0 0 0 0 0 0 458.8967 458.8967 0 0 458.8967 0 0 458.8967 0 0 458.8967 458.8967 0 0 0 0 0 
0 0 0 149.50652 0 0 0 0 0 0 0 0 0 0 0 0 149.50652 0 149.50652 0 0 0 0 0 0 149.50652 0 0 0 0 
0 0 0 0 163.31853 163.31853 0 0 163.31853 163.31853 163.31853 163.31853 0 0 0 0 0 0 0 0 0 163.31853 0 0 0 0 0 0 163.31853 0 
0 873.7515 0 0 0 0 0 0 0 0 0 0 0 873.7515 873.7515 0 0 873.7515 0 0 873.7515 0 0 873.7515 873.7515 0 0 0 0 0 
0 697.0338 0 0 0 0 0 0 0 0 0 0 0 697.0338 697.0338 0 0 697.0338 0 0 697.0338 0 0 697.0338 697.0338 0 0 0 0 0 
0 0 0 0 434.9808 434.9808 0 0 434.9808 434.9808 434.9808 434.9808 0 0 0 0 0 0 0 0 0 434.9808 0 0 0 0 0 0 434.9808 0 
0 0 0 729.98444 0 0 0 0 0 0 0 0 0 0 0 0 729.98444 0 729.98444 0 0 0 0 0 0 729.98444 0 0 0 0 
0 435.3962 0 0 0 0 0 0 0 0 0 0 0 435.3962 435.3962 0 0 435.3962 0 0 435.3962 0 0 435.3962 435.3962 0 0 0 0 0 
0 0 0 0 266.18854 266.18854 0 0 266.18854 266.18854 266.18854 266.18854 0 0 0 0 0 0 0 0 0 266.18854 0 0 0 0 0 0 266.18854 0 
0 0 0 157.46407 0 0 0 0 0 0 0 0 0 0 0 0 157.46407 0 157.46407 0 0 0 0 0 0 157.46407 0 0 0 0 
387.35458 0 387.35458 0 0 0 387.35458 387.35458 0 0 0 0 387.35458 0 0 387.35458 0 0 0 387.35458 0 0 387.35458 0 0 0 387.35458 387.35458 0 387.35458 
0 0 0 532.3467 0 0 0 0 0 0 0 0 0 0 0 0 532.3467 0 532.3467 0 0 0 0 0 0 532.3467 0 0 0 0 
0 402.36 0 0 0 0 0 0 0 0 0 0 0 402.36 402.36 0 0 402.36 0 0 402.36 0 0 402.36 402.36 0 0 0 0 0 
0 0 0 136.25868 0 0 0 0 0 0 0 0 0 0 0 0 136.25868 0 136.25868 0 0 0 0 0 0 136.25868 0 0 0 0 
0 0 0 0 77.21894 77.21894 0 0 77.21894 77.21894 77.21894 77.21894 0 0 0 0 0 0 0 0 0 77.21894 0 0 0 0 0 0 77.21894 0 
0 172.36086 0 0 0 0 0 0 0 0 0 0 0 172.36086 172.36086 0 0 172.36086 0 0 172.36086 0 0 172.36086 172.36086 0 0 0 0 0 
0 0 0 731.54297 0 0 0 0 0 0 0 0 0 0 0 0 731.54297 0 731.54297 0 0 0 0 0 0 731.54297 0 0 0 0 
0 0 0 0 692.79224 692.79224 0 0 692.79224 692.79224 692.79224 692.79224 0 0 0 0 0 0 0 0 0 692.79224 0 0 0 0 0 0 692.79224 0 
0 0 0 0 537.7127 537.7127 0 0 537.7127 537.7127 537.7127 537.7127 0 0 0 0 0 0 0 0 0 537.7127 0 0 0 0 0 0 537.7127 0 
0 0 0 535.7807 0 0 0 0 0 0 0 0 0 0 0 0 535.7807 0 535.7807 0 0 0 0 0 0 535.7807 0 0 0 0 
0 362.9776 0 0 0 0 0 0 0 0 0 0 0 362.9776 362.9776 0 0 362.9776 0 0 362.9776 0 0 362.9776 362.9776 0 0 0 0 0 
0 511.8362 0 0 0 0 0 0 0 0 0 0 0 511.8362 511.8362 0 0 511.8362 0 0 511.8362 0 0 511.8362 511.8362 0 0 0 0 0 
0 0 0 0 216.6753 216.6753 0 0 216.6753 216.6753 216.6753 216.6753 0 0 0 0 0 0 0 0 0 216.6753 0 0 0 0 0 0 216.6753 0 
0 720.5271 0 0 0 0 0 0 0 0 0 0 0 720.5271 720.5271 0 0 720.5271 0 0 720.5271 0 0 720.5271 720.5271 0 0 0 0 0 
0 0 0 462.83127 0 0 0 0 0 0 0 0 0 0 0 0 462.83127 0 462.83127 0 0 0 0 0 0 462.83127 0 0 0 0 
0 301.66525 0 0 0 0 0 0 0 0 0 0 0 301.66525 301.66525 0 0 301.66525 0 0 301.66525 0 0 301.66525 301.66525 0 0 0 0 0 
0 0 0 701.2029 0 0 0 0 0 0 0 0 0 0 0 0 701.2029 0 701.2029 0 0 0 0 0 0 701.2029 0 0 0 0 
0 0 0 0 331.95865 331.95865 0 0 331.95865 331.95865 331.95865 331.95865 0 0 0 0 0 0 0 0 0 331.95865 0 0 0 0 0 0 331.95865 0 
0 0 0 722.2461 0 0 0 0 0 0 0 0 0 0 0 0 722.2461 0 722.2461 0 0 0 0 0 0 722.2461 0 0 0 0 
0 0 0 0 830.81775 830.81775 0 0 830.81775 830.81775 830.81775 830.81775 0 0 0 0 0 0 0 0 0 830.81775 0 0 0 0 0 0 830.81775 0 
0 0 0 0 1068.5411 1068.5411 0 0 1068.5411 1068.5411 1068.5411 1068.5411 0 0 0 0 0 0 0 0 0 1068.5411 0 0 0 0 0 0 1068.5411 0 
462.70352 0 462.70352 0 0 0 462.70352 462.70352 0 0 0 0 462.70352 0 0 462.70352 0 0 0 462.70352 0 0 462.70352 0 0 0 462.70352 462.70352 0 462.70352 
0 0 0 581.64307 0 0 0 0 0 0 0 0 0 0 0 0 581.64307 0 581.64307 0 0 0 0 0 0 581.64307 0 0 0 0 
284.2028 0 284.2028 0 0 0 284.2028 284.2028 0 0 0 0 284.2028 0 0 284.2028 0 0 0 284.2028 0 0 284.2028 0 0 0 284.2028 284.2028 0 284.2028 
243.22978 0 243.22978 0 0 0 243.22978 243.22978 0 0 0 0 243.22978 0 0 243.22978 0 0 0 243.22978 0 0 243.22978 0 0 0 243.22978 243.22978 0 243.22978 
0 0 0 0 364.10617 364.10617 0 0 364.10617 364.10617 364.10617 364.10617 0 0 0 0 0 0 0 0 0 364.10617 0 0 0 0 0 0 364.10617 0 
0 0 0 0 475.85635 475.85635 0 0 475.85635 475.85635 475.85635 475.85635 0 0 0 0 0 0 0 0 0 475.85635 0 0 0 0 0 0 475.85635 0 
0 893.4742 0 0 0 0 0 0 0 0 0 0 0 893.4742 893.4742 0 0 893.4742 0 0 893.4742 0 0 893.4742 893.4742 0 0 0 0 0 
0 0 0 0 205.2726 205.2726 0 0 205.2726 205.2726 205.2726 205.2726 0 0 0 0 0 0 0 0 0 205.2726 0 0 0 0 0 0 205.2726 0 
0 447.97095 0 0 0 0 0 0 0 0 0 0 0 447.97095 447.97095 0 0 447.97095 0 0 447.97095 0 0 447.97095 447.97095 0 0 0 0 0 
0 0 0 0 424.00012 424.00012 0 0 424.00012 424.00012 424.00012 424.00012 0 0 0 0 0 0 0 0 0 424.00012 0 0 0 0 0 0 424.00012 0 
399.41165 0 399.41165 0 0 0 399.41165 399.41165 0 0 0 0 399.41165 0 0 399.41165 0 0 0 399.41165 0 0 399.41165 0 0 0 399.41165 399.41165 0 399.41165 
0 154.19302 0 0 0 0 0 0 0 0 0 0 0 154.19302 154.19302 0 0 154.19302 0 0 154.19302 0 0 154.19302 154.19302 0 0 0 0 0 
593.4725 0 593.4725 0 0 0 593.4725 593.4725 0 0 0 0 593.4725 0 0 593.4725 0 0 0 593.4725 0 0 593.4725 0 0 0 593.4725 593.4725 0 593.4725 
0 0 0 359.75354 0 0 0 0 0 0 0 0 0 0 0 0 359.75354 0 359.75354 0 0 0 0 0 0 359.75354 0 0 0 0 
0 0 0 0 587.6709 587.6709 0 0 587.6709 587.6709 587.6709 587.6709 0 0 0 0 0 0 0 0 0 587.6709 0 0 0 0 0 0 587.6709 0 
0 0 0 0 175.88385 175.88385 0 0 175.88385 175.88385 175.88385 175.88385 0 0 0 0 0 0 0 0 0 175.88385 0 0 0 0 0 0 175.88385 0 
315.33517 0 315.33517 0 0 0 315.33517 315.33517 0 0 0 0 315.33517 0 0 315.33517 0 0 0 315.33517 0 0 315.33517 0 0 0 315.33517 315.33517 0 315.33517 
0 0 0 229.77637 0 0 0 0 0 0 0 0 0 0 0 0 229.77637 0 229.77637 0 0 0 0 0 0 229.77637 0 0 0 0 
0 375.1152 0 0 0 0 0 0 0 0 0 0 0 375.1152 375.1152 0 0 375.1152 0 0 375.1152 0 0 375.1152 375.1152 0 0 0 0 0 
0 0 0 577.7122 0 0 0 0 0 0 0 0 0 0 0 0 577.7122 0 577.7122 0 0 0 0 0 0 577.7122 0 0 0 0 
0 248.82141 0 0 0 0 0 0 0 0 0 0 0 248.82141 248.82141 0 0 248.82141 0 0 248.82141 0 0 248.82141 248.82141 0 0 0 0 0 
225.38396 0 225.38396 0 0 0 225.38396 225.38396 0 0 0 0 225.38396 0 0 225.38396 0 0 0 225.38396 0 0 225.38396 0 0 0 225.38396 225.38396 0 225.38396 
547.9318 0 547.9318 0 0 0 547.9318 547.9318 0 0 0 0 547.9318 0 0 547.9318 0 0 0 547.9318 0 0 547.9318 0 0 0 547.9318 547.9318 0 547.9318 
0 520.98816 0 0 0 0 0 0 0 0 0 0 0 520.98816 520.98816 0 0 520.98816 0 0 520.98816 0 0 520.98816 520.98816 0 0 0 0 0 
575.11786 0 575.11786 0 0 0 575.11786 575.11786 0 0 0 0 575.11786 0 0 575.11786 0 0 0 575.11786 0 0 575.11786 0 0 0 575.11786 575.11786 0 575.11786 
261.77036 0 261.77036 0 0 0 261.77036 261.77036 0 0 0 0 261.77036 0 0 261.77036 0 0 0 261.77036 0 0 261.77036 0 0 0 261.77036 261.77036 0 261.77036 
0 736.06903 0 0 0 0 0 0 0 0 0 0 0 736.06903 736.06903 0 0 736.06903 0 0 736.06903 0 0 736.06903 736.06903 0 0 0 0 0 
0 275.45276 0 0 0 0 0 0 0 0 0 0 0 275.45276 275.45276 0 0 275.45276 0 0 275.45276 0 0 275.45276 275.45276 0 0 0 0 0 
298.28168 0 298.28168 0 0 0 298.28168 298.28168 0 0 0 0 298.28168 0 0 298.28168 0 0 0 298.28168 0 0 298.28168 0 0 0 298.28168 298.28168 0 298.28168 
669.9453 0 669.9453 0 0 0 669.9453 669.9453 0 0 0 0 669.9453 0 0 669.9453 0 0 0 669.9453 0 0 669.9453 0 0 0 669.9453 669.9453 0 669.9453 
0 0 0 181.7364 0 0 0 0 0 0 0 0 0 0 0 0 181.7364 0 181.7364 0 0 0 0 0 0 181.7364 0 0 0 0 
0 0 0 0 165.85394 165.85394 0 0 165.85394 165.85394 165.85394 165.85394 0 0 0 0 0 0 0 0 0 165.85394 0 0 0 0 0 0 165.85394 0 
189.18347 0 189.18347 0 0 0 189.18347 189.18347 0 0 0 0 189.18347 0 0 189.18347 0 0 0 189.18347 0 0 189.18347 0 0 0 189.18347 189.18347 0 189.18347 
0 809.65436 0 0 0 0 0 0 0 0 0 0 0 809.65436 809.65436 0 0 809.65436 0 0 809.65436 0 0 809.65436 809.65436 0 0 0 0 0 
0 0 0 0 484.92004 484.92004 0 0 484.92004 484.92004 484.92004 484.92004 0 0 0 0 0 0 0 0 0 484.92004 0 0 0 0 0 0 484.92004 0 
0 0 0 0 193.72836 193.72836 0 0 193.72836 193.72836 193.72836 193.72836 0 0 0 0 0 0 0 0 0 193.72836 0 0 0 0 0 0 193.72836 0 
0 0 0 94.87009 0 0 0 0 0 0 0 0 0 0 0 0 94.87009 0 94.87009 0 0 0 0 0 0 94.87009 0 0 0 0 
0 0 0 0 195.48035 195.48035 0 0 195.48035 195.48035 195.48035 195.48035 0 0 0 0 0 0 0 0 0 195.48035 0 0 0 0 0 0 195.48035 0 
0 0 0 0 599.9749 599.9749 0 0 599.9749 599.9749 599.9749 599.9749 0 0 0 0 0 0 0 0 0 599.9749 0 0 0 0 0 0 599.9749 0 
0 169.03769 0 0 0 0 0 0 0 0 0 0 0 169.03769 169.03769 0 0 169.03769 0 0 169.03769 0 0 169.03769 169.03769 0 0 0 0 0 
0 485.11182 0 0 0 0 0 0 0 0 0 0 0 485.11182 485.11182 0 0 485.11182 0 0 485.11182 0 0 485.11182 485.11182 0 0 0 0 0 
134.9556 0 134.9556 0 0 0 134.9556 134.9556 0 0 0 0 134.9556 0 0 134.9556 0 0 0 134.9556 0 0 134.9556 0 0 0 134.9556 134.9556 0 134.9556 
446.2597 0 446.2597 0 0 0 446.2597 446.2597 0 0 0 0 446.2597 0 0 446.2597 0 0 0 446.2597 0 0 446.2597 0 0 0 446.2597 446.2597 0 446.2597 
0 0 0 0 332.56647 332.56647 0 0 332.56647 332.56647 332.56647 332.56647 0 0 0 0 0 0 0 0 0 332.56647 0 0 0 0 0 0 332.56647 0 
0 0 0 0 736.6761 736.6761 0 0 736.6761 736.6761 736.6761 736.6761 0 0 0 0 0 0 0 0 0 736.6761 0 0 0 0 0 0 736.6761 0 
0 1131.7642 0 0 0 0 0 0 0 0 0 0 0 1131.7642 1131.7642 0 0 1131.7642 0 0 1131.7642 0 0 1131.7642 1131.7642 0 0 0 0 0 
567.0096 0 567.0096 0 0 0 567.0096 567.0096 0 0 0 0 567.0096 0 0 567.0096 0 0 0 567.0096 0 0 567.0096 0 0 0 567.0096 567.0096 0 567.0096 
277.54254 0 277.54254 0 0 0 277.54254 277.54254 0 0 0 0 277.54254 0 0 277.54254 0 0 0 277.54254 0 0 277.54254 0 0 0 277.54254 277.54254 0 277.54254 
0 0 0 0 268.14285 268.14285 0 0 268.14285 268.14285 268.14285 268.14285 0 0 0 0 0 0 0 0 0 268.14285 0 0 0 0 0 0 268.14285 0 
883.8372 0 883.8372 0 0 0 883.8372 883.8372 0 0 0 0 883.8372 0 0 883.8372 0 0 0 883.8372 0 0 883.8372 0 0 0 883.8372 883.8372 0 883.8372 
324.05194 0 324.05194 0 0 0 324.05194 324.05194 0 0 0 0 324.05194 0 0 324.05194 0 0 0 324.05194 0 0 324.05194 0 0 0 324.05194 324.05194 0 324.05194 
356.0472 0 356.0472 0 0 0 356.0472 356.0472 0 0 0 0 356.0472 0 0 356.0472 0 0 0 356.0472 0 0 356.0472 0 0 0 356.0472 356.0472 0 356.0472 
0 209.12473 0 0 0 0 0 0 0 0 0 0 0 209.12473 209.12473 0 0 209.12473 0 0 209.12473 0 0 209.12473 209.12473 0 0 0 0 0 
0 0 0 295.5761 0 0 0 0 0 0 0 0 0 0 0 0 295.5761 0 295.5761 0 0 0 0 0 0 295.5761 0 0 0 0 
207.89804 0 207.89804 0 0 0 207.89804 207.89804 0 0 0 0 207.89804 0 0 207.89804 0 0 0 207.89804 0 0 207.89804 0 0 0 207.89804 207.89804 0 207.89804 
0 0 0 0 237.34886 237.34886 0 0 237.34886 237.34886 237.34886 237.34886 0 0 0 0 0 0 0 0 0 237.34886 0 0 0 0 0 0 237.34886 0 
666.2312 0 666.2312 0 0 0 666.2312 666.2312 0 0 0 0 666.2312 0 0 666.2312 0 0 0 666.2312 0 0 666.2312 0 0 0 666.2312 666.2312 0 666.2312 
0 0 0 422.44293 0 0 0 0 0 0 0 0 0 0 0 0 422.44293 0 422.44293 0 0 0 0 0 0 422.44293 0 0 0 0 
0 0 0 361.51974 0 0 0 0 0 0 0 0 0 0 0 0 361.51974 0 361.51974 0 0 0 0 0 0 361.51974 0 0 0 0 
0 0 0 658.809 0 0 0 0 0 0 0 0 0 0 0 0 658.809 0 658.809 0 0 0 0 0 0 658.809 0 0 0 0 
0 0 0 0 392.21857 392.21857 0 0 392.21857 392.21857 392.21857 392.21857 0 0 0 0 0 0 0 0 0 392.21857 0 0 0 0 0 0 392.21857 0 
0 0 0 0 408.11105 408.11105 0 0 408.11105 408.11105 408.11105 408.11105 0 0 0 0 0 0 0 0 0 408.11105 0 0 0 0 0 0 408.11105 0 
0 0 0 344.57495 0 0 0 0 0 0 0 0 0 0 0 0 344.57495 0 344.57495 0 0 0 0 0 0 344.57495 0 0 0 0 
359.48172 0 359.48172 0 0 0 359.48172 359.48172 0 0 0 0 359.48172 0 0 359.48172 0 0 0 359.48172 0 0 359.48172 0 0 0 359.48172 359.48172 0 359.48172 
0 0 0 0 259.10312 259.10312 0 0 259.10312 259.10312 259.10312 259.10312 0 0 0 0 0 0 0 0 0 259.10312 0 0 0 0 0 0 259.10312 0 
0 322.01523 0 0 0 0 0 0 0 0 0 0 0 322.01523 322.01523 0 0 322.01523 0 0 322.01523 0 0 322.01523 322.01523 0 0 0 0 0 
0 0 0 169.34802 0 0 0 0 0 0 0 0 0 0 0 0 169.34802 0 169.34802 0 0 0 0 0 0 169.34802 0 0 0 0 
0 227.17955 0 0 0 0 0 0 0 0 0 0 0 227.17955 227.17955 0 0 227.17955 0 0 227.17955 0 0 227.17955 227.17955 0 0 0 0 0 
0 244.86543 0 0 0 0 0 0 0 0 0 0 0 244.86543 244.86543 0 0 244.86543 0 0 244.86543 0 0 244.86543 244.86543 0 0 0 0 0 
0 0 0 0 371.5348 371.5348 0 0 371.5348 371.5348 371.5348 371.5348 0 0 0 0 0 0 0 0 0 371.5348 0 0 0 0 0 0 371.5348 0 
294.65042 0 294.65042 0 0 0 294.65042 294.65042 0 0 0 0 294.65042 0 0 294.65042 0 0 0 294.65042 0 0 294.65042 0 0 0 294.65042 294.65042 0 294.65042 
0 0 0 587.01843 0 0 0 0 0 0 0 0 0 0 0 0 587.01843 0 587.01843 0 0 0 0 0 0 587.01843 0 0 0 0 
0 684.0972 0 0 0 0 0 0 0 0 0 0 0 684.0972 684.0972 0 0 684.0972 0 0 684.0972 0 0 684.0972 684.0972 0 0 0 0 0 
656.1058 0 656.1058 0 0 0 656.1058 656.1058 0 0 0 0 656.1058 0 0 656.1058 0 0 0 656.1058 0 0 656.1058 0 0 0 656.1058 656.1058 0 656.1058 
0 422.05377 0 0 0 0 0 0 0 0 0 0 0 422.05377 422.05377 0 0 422.05377 0 0 422.05377 0 0 422.05377 422.05377 0 0 0 0 0 
0 0 0 0 212.98686 212.98686 0 0 212.98686 212.98686 212.98686 212.98686 0 0 0 0 0 0 0 0 0 212.98686 0 0 0 0 0 0 212.98686 0 
0 60.351353 0 0 0 0 0 0 0 0 0 0 0 60.351353 60.351353 0 0 60.351353 0 0 60.351353 0 0 60.351353 60.351353 0 0 0 0 0 
517.89935 0 517.89935 0 0 0 517.89935 517.89935 0 0 0 0 517.89935 0 0 517.89935 0 0 0 517.89935 0 0 517.89935 0 0 0 517.89935 517.89935 0 517.89935 
0 0 0 204.69545 0 0 0 0 0 0 0 0 0 0 0 0 204.69545 0 204.69545 0 0 0 0 0 0 204.69545 0 0 0 0 
0 0 0 0 397.20047 397.20047 0 0 397.20047 397.20047 397.20047 397.20047 0 0 0 0 0 0 0 0 0 397.20047 0 0 0 0 0 0 397.20047 0 
0 0 0 0 147.13113 147.13113 0 0 147.13113 147.13113 147.13113 147.13113 0 0 0 0 0 0 0 0 0 147.13113 0 0 0 0 0 0 147.13113 0 
346.43082 0 346.43082 0 0 0 346.43082 346.43082 0 0 0 0 346.43082 0 0 346.43082 0 0 0 346.43082 0 0 346.43082 0 0 0 346.43082 346.43082 0 346.43082 
123.97236 0 123.97236 0 0 0 123.97236 123.97236 0 0 0 0 123.97236 0 0 123.97236 0 0 0 123.97236 0 0 123.97236 0 0 0 123.97236 123.97236 0 123.97236 
0 428.83447 0 0 0 0 0 0 0 0 0 0 0 428.83447 428.83447 0 0 428.83447 0 0 428.83447 0 0 428.83447 428.83447 0 0 0 0 0 
0 349.04938 0 0 0 0 0 0 0 0 0 0 0 349.04938 349.04938 0 0 349.04938 0 0 349.04938 0 0 349.04938 349.04938 0 0 0 0 0 
0 0 0 0 400.3327 400.3327 0 0 400.3327 400.3327 400.3327 400.3327 0 0 0 0 0 0 0 0 0 400.3327 0 0 0 0 0 0 400.3327 0 
419.40314 0 419.40314 0 0 0 419.40314 419.40314 0 0 0 0 419.40314 0 0 419.40314 0 0 0 419.40314 0 0 419.40314 0 0 0 419.40314 419.40314 0 419.40314 
0 437.5616 0 0 0 0 0 0 0 0 0 0 0 437.5616 437.5616 0 0 437.5616 0 0 437.5616 0 0 437.5616 437.5616 0 0 0 0 0 
0 0 0 0 285.94424 285.94424 0 0 285.94424 285.94424 285.94424 285.94424 0 0 0 0 0 0 0 0 0 285.94424 0 0 0 0 0 0 285.94424 0 
298.27856 0 298.27856 0 0 0 298.27856 298.27856 0 0 0 0 298.27856 0 0 298.27856 0 0 0 298.27856 0 0 298.27856 0 0 0 298.27856 298.27856 0 298.27856 
0 0 0 0 157.36838 157.36838 0 0 157.36838 157.36838 157.36838 157.36838 0 0 0 0 0 0 0 0 0 157.36838 0 0 0 0 0 0 157.36838 0 
0 0 0 337.65488 0 0 0 0 0 0 0 0 0 0 0 0 337.65488 0 337.65488 0 0 0 0 0 0 337.65488 0 0 0 0 
0 654.67163 0 0 0 0 0 0 0 0 0 0 0 654.67163 654.67163 0 0 654.67163 0 0 654.67163 0 0 654.67163 654.67163 0 0 0 0 0 
0 0 0 0 243.4362 243.4362 0 0 243.4362 243.4362 243.4362 243.4362 0 0 0 0 0 0 0 0 0 243.4362 0 0 0 0 0 0 243.4362 0 
0 723.3715 0 0 0 0 0 0 0 0 0 0 0 723.3715 723.3715 0 0 723.3715 0 0 723.3715 0 0 723.3715 723.3715 0 0 0 0 0 
0 0 0 0 562.27924 562.27924 0 0 562.27924 562.27924 562.27924 562.27924 0 0 0 0 0 0 0 0 0 562.27924 0 0 0 0 0 0 562.27924 0 
0 0 0 243.11642 0 0 0 0 0 0 0 0 0 0 0 0 243.11642 0 243.11642 0 0 0 0 0 0 243.11642 0 0 0 0 
0 0 0 214.23976 0 0 0 0 0 0 0 0 0 0 0 0 214.23976 0 214.23976 0 0 0 0 0 0 214.23976 0 0 0 0 
0 0 0 0 264.42447 264.42447 0 0 264.42447 264.42447 264.42447 264.42447 0 0 0 0 0 0 0 0 0 264.42447 0 0 0 0 0 0 264.42447 0 
764.3972 0 764.3972 0 0 0 764.3972 764.3972 0 0 0 0 764.3972 0 0 764.3972 0 0 0 764.3972 0 0 764.3972 0 0 0 764.3972 764.3972 0 764.3972 
0 0 0 235.69992 0 0 0 0 0 0 0 0 0 0 0 0 235.69992 0 235.69992 0 0 0 0 0 0 235.69992 0 0 0 0 
0 0 0 694.7858 0 0 0 0 0 0 0 0 0 0 0 0 694.7858 0 694.7858 0 0 0 0 0 0 694.7858 0 0 0 0 
417.63666 0 417.63666 0 0 0 417.63666 417.63666 0 0 0 0 417.63666 0 0 417.63666 0 0 0 417.63666 0 0 417.63666 0 0 0 417.63666 417.63666 0 417.63666 
0 0 0 0 291.9254 291.9254 0 0 291.9254 291.9254 291.9254 291.9254 0 0 0 0 0 0 0 0 0 291.9254 0 0 0 0 0 0 291.9254 0 
0 441.1698 0 0 0 0 0 0 0 0 0 0 0 441.1698 441.1698 0 0 441.1698 0 0 441.1698 0 0 441.1698 441.1698 0 0 0 0 0 
0 874.75494 0 0 0 0 0 0 0 0 0 0 0 874.75494 874.75494 0 0 874.75494 0 0 874.75494 0 0 874.75494 874.75494 0 0 0 0 0 
0 0 0 0 364.09644 364.09644 0 0 364.09644 364.09644 364.09644 364.09644 0 0 0 0 0 0 0 0 0 364.09644 0 0 0 0 0 0 364.09644 0 
0 0 0 211.58145 0 0 0 0 0 0 0 0 0 0 0 0 211.58145 0 211.58145 0 0 0 0 0 0 211.58145 0 0 0 0 
0 0 0 312.5931 0 0 0 0 0 0 0 0 0 0 0 0 312.5931 0 312.5931 0 0 0 0 0 0 312.5931 0 0 0 0 
0 0 0 0 864.41595 864.41595 0 0 864.41595 864.41595 864.41595 864.41595 0 0 0 0 0 0 0 0 0 864.41595 0 0 0 0 0 0 864.41595 0 
0 0 0 0 310.87183 310.87183 0 0 310.87183 310.87183 310.87183 310.87183 0 0 0 0 0 0 0 0 0 310.87183 0 0 0 0 0 0 310.87183 0 
327.24634 0 327.24634 0 0 0 327.24634 327.24634 0 0 0 0 327.24634 0 0 327.24634 0 0 0 327.24634 0 0 327.24634 0 0 0 327.24634 327.24634 0 327.24634 
0 0 0 483.91803 0 0 0 0 0 0 0 0 0 0 0 0 483.91803 0 483.91803 0 0 0 0 0 0 483.91803 0 0 0 0 
300.072 0 300.072 0 0 0 300.072 300.072 0 0 0 0 300.072 0 0 300.072 0 0 0 300.072 0 0 300.072 0 0 0 300.072 300.072 0 300.072 
934.3055 0 934.3055 0 0 0 934.3055 934.3055 0 0 0 0 934.3055 0 0 934.3055 0 0 0 934.3055 0 0 934.3055 0 0 0 934.3055 934.3055 0 934.3055 
0 0 0 861.6605 0 0 0 0 0 0 0 0 0 0 0 0 861.6605 0 861.6605 0 0 0 0 0 0 861.6605 0 0 0 0 
358.26697 0 358.26697 0 0 0 358.26697 358.26697 0 0 0 0 358.26697 0 0 358.26697 0 0 0 358.26697 0 0 358.26697 0 0 0 358.26697 358.26697 0 358.26697 
0 471.17007 0 0 0 0 0 0 0 0 0 0 0 471.17007 471.17007 0 0 471.17007 0 0 471.17007 0 0 471.17007 471.17007 0 0 0 0 0 
0 0 0 238.58995 0 0 0 0 0 0 0 0 0 0 0 0 238.58995 0 238.58995 0 0 0 0 0 0 238.58995 0 0 0 0 
843.34546 0 843.34546 0 0 0 843.34546 843.34546 0 0 0 0 843.34546 0 0 843.34546 0 0 0 843.34546 0 0 843.34546 0 0 0 843.34546 843.34546 0 843.34546 
0 0 0 156.0535 0 0 0 0 0 0 0 0 0 0 0 0 156.0535 0 156.0535 0 0 0 0 0 0 156.0535 0 0 0 0 
0 525.6014 0 0 0 0 0 0 0 0 0 0 0 525.6014 525.6014 0 0 525.6014 0 0 525.6014 0 0 525.6014 525.6014 0 0 0 0 0 
117.62251 0 117.62251 0 0 0 117.62251 117.62251 0 0 0 0 117.62251 0 0 117.62251 0 0 0 117.62251 0 0 117.62251 0 0 0 117.62251 117.62251 0 117.62251 
318.84122 0 318.84122 0 0 0 318.84122 318.84122 0 0 0 0 318.84122 0 0 318.84122 0 0 0 318.84122 0 0 318.84122 0 0 0 318.84122 318.84122 0 318.84122 
0 0 0 366.81702 0 0 0 0 0 0 0 0 0 0 0 0 366.81702 0 366.81702 0 0 0 0 0 0 366.81702 0 0 0 0 
0 353.69763 0 0 0 0 0 0 0 0 0 0 0 353.69763 353.69763 0 0 353.69763 0 0 353.69763 0 0 353.69763 353.69763 0 0 0 0 0 
0 0 0 0 607.66113 607.66113 0 0 607.66113 607.66113 607.66113 607.66113 0 0 0 0 0 0 0 0 0 607.66113 0 0 0 0 0 0 607.66113 0 
0 724.44366 0 0 0 0 0 0 0 0 0 0 0 724.44366 724.44366 0 0 724.44366 0 0 724.44366 0 0 724.44366 724.44366 0 0 0 0 0 
118.991844 0 118.991844 0 0 0 118.991844 118.991844 0 0 0 0 118.991844 0 0 118.991844 0 0 0 118.991844 0 0 118.991844 0 0 0 118.991844 118.991844 0 118.991844 
0 0 0 299.15833 0 0 0 0 0 0 0 0 0 0 0 0 299.15833 0 299.15833 0 0 0 0 0 0 299.15833 0 0 0 0 
535.4216 0 535.4216 0 0 0 535.4216 535.4216 0 0 0 0 535.4216 0 0 535.4216 0 0 0 535.4216 0 0 535.4216 0 0 0 535.4216 535.4216 0 535.4216 
0 238.10954 0 0 0 0 0 0 0 0 0 0 0 238.10954 238.10954 0 0 238.10954 0 0 238.10954 0 0 238.10954 238.10954 0 0 0 0 0 
0 0 0 467.2608 0 0 0 0 0 0 0 0 0 0 0 0 467.2608 0 467.2608 0 0 0 0 0 0 467.2608 0 0 0 0 
0 0 0 160.58243 0 0 0 0 0 0 0 0 0 0 0 0 160.58243 0 160.58243 0 0 0 0 0 0 160.58243 0 0 0 0 
0 0 0 0 994.36005 994.36005 0 0 994.36005 994.36005 994.36005 994.36005 0 0 0 0 0 0 0 0 0 994.36005 0 0 0 0 0 0 994.36005 0 
0 0 0 833.87885 0 0 0 0 0 0 0 0 0 0 0 0 833.87885 0 833.87885 0 0 0 0 0 0 833.87885 0 0 0 0 
184.93732 0 184.93732 0 0 0 184.93732 184.93732 0 0 0 0 184.93732 0 0 184.93732 0 0 0 184.93732 0 0 184.93732 0 0 0 184.93732 184.93732 0 184.93732 
0 0 0 0 386.2702 386.2702 0 0 386.2702 386.2702 386.2702 386.2702 0 0 0 0 0 0 0 0 0 386.2702 0 0 0 0 0 0 386.2702 0 
0 0 0 302.2627 0 0 0 0 0 0 0 0 0 0 0 0 302.2627 0 302.2627 0 0 0 0 0 0 302.2627 0 0 0 0 
0 748.25714 0 0 0 0 0 0 0 0 0 0 0 748.25714 748.25714 0 0 748.25714 0 0 748.25714 0 0 748.25714 748.25714 0 0 0 0 0 
0 707.3073 0 0 0 0 0 0 0 0 0 0 0 707.3073 707.3073 0 0 707.3073 0 0 707.3073 0 0 707.3073 707.3073 0 0 0 0 0 
186.35081 0 186.35081 0 0 0 186.35081 186.35081 0 0 0 0 186.35081 0 0 186.35081 0 0 0 186.35081 0 0 186.35081 0 0 0 186.35081 186.35081 0 186.35081 
0 0 0 623.1275 0 0 0 0 0 0 0 0 0 0 0 0 623.1275 0 623.1275 0 0 0 0 0 0 623.1275 0 0 0 0 
0 775.86945 0 0 0 0 0 0 0 0 0 0 0 775.86945 775.86945 0 0 775.86945 0 0 775.86945 0 0 775.86945 775.86945 0 0 0 0 0 
0 259.51117 0 0 0 0 0 0 0 0 0 0 0 259.51117 259.51117 0 0 259.51117 0 0 259.51117 0 0 259.51117 259.51117 0 0 0 0 0 
299.59094 0 299.59094 0 0 0 299.59094 299.59094 0 0 0 0 299.59094 0 0 299.59094 0 0 0 299.59094 0 0 299.59094 0 0 0 299.59094 299.59094 0 299.59094 
0 0 0 458.25424 0 0 0 0 0 0 0 0 0 0 0 0 458.25424 0 458.25424 0 0 0 0 0 0 458.25424 0 0 0 0 
0 415.69455 0 0 0 0 0 0 0 0 0 0 0 415.69455 415.69455 0 0 415.69455 0 0 415.69455 0 0 415.69455 415.69455 0 0 0 0 0 
0 0 0 0 396.56018 396.56018 0 0 396.56018 396.56018 396.56018 396.56018 0 0 0 0 0 0 0 0 0 396.56018 0 0 0 0 0 0 396.56018 0 
0 365.51556 0 0 0 0 0 0 0 0 0 0 0 365.51556 365.51556 0 0 365.51556 0 0 365.51556 0 0 365.51556 365.51556 0 0 0 0 0 
605.212 0 605.212 0 0 0 605.212 605.212 0 0 0 0 605.212 0 0 605.212 0 0 0 605.212 0 0 605.212 0 0 0 605.212 605.212 0 605.212 
0 365.61517 0 0 0 0 0 0 0 0 0 0 0 365.61517 365.61517 0 0 365.61517 0 0 365.61517 0 0 365.61517 365.61517 0 0 0 0 0 
0 1082.4955 0 0 0 0 0 0 0 0 0 0 0 1082.4955 1082.4955 0 0 1082.4955 0 0 1082.4955 0 0 1082.4955 1082.4955 0 0 0 0 0 
346.49512 0 346.49512 0 0 0 346.49512 346.49512 0 0 0 0 346.49512 0 0 346.49512 0 0 0 346.49512 0 0 346.49512 0 0 0 346.49512 346.49512 0 346.49512 
699.6614 0 699.6614 0 0 0 699.6614 699.6614 0 0 0 0 699.6614 0 0 699.6614 0 0 0 699.6614 0 0 699.6614 0 0 0 699.6614 699.6614 0 699.6614 
379.62805 0 379.62805 0 0 0 379.62805 379.62805 0 0 0 0 379.62805 0 0 379.62805 0 0 0 379.62805 0 0 379.62805 0 0 0 379.62805 379.62805 0 379.62805 
224.85359 0 224.85359 0 0 0 224.85359 224.85359 0 0 0 0 224.85359 0 0 224.85359 0 0 0 224.85359 0 0 224.85359 0 0 0 224.85359 224.85359 0 224.85359 
0 0 0 112.27784 0 0 0 0 0 0 0 0 0 0 0 0 112.27784 0 112.27784 0 0 0 0 0 0 112.27784 0 0 0 0 
0 248.86327 0 0 0 0 0 0 0 0 0 0 0 248.86327 248.86327 0 0 248.86327 0 0 248.86327 0 0 248.86327 248.86327 0 0 0 0 0 
0 0 0 502.77512 0 0 0 0 0 0 0 0 0 0 0 0 502.77512 0 502.77512 0 0 0 0 0 0 502.77512 0 0 0 0 
622.92303 0 622.92303 0 0 0 622.92303 622.92303 0 0 0 0 622.92303 0 0 622.92303 0 0 0 622.92303 0 0 622.92303 0 0 0 622.92303 622.92303 0 622.92303 
533.3892 0 533.3892 0 0 0 533.3892 533.3892 0 0 0 0 533.3892 0 0 533.3892 0 0 0 533.3892 0 0 533.3892 0 0 0 533.3892 533.3892 0 533.3892 
0 0 0 432.7399 0 0 0 0 0 0 0 0 0 0 0 0 432.7399 0 432.7399 0 0 0 0 0 0 432.7399 0 0 0 0 
0 737.94305 0 0 0 0 0 0 0 0 0 0 0 737.94305 737.94305 0 0 737.94305 0 0 737.94305 0 0 737.94305 737.94305 0 0 0 0 0 
0 0 0 0 394.83243 394.83243 0 0 394.83243 394.83243 394.83243 394.83243 0 0 0 0 0 0 0 0 0 394.83243 0 0 0 0 0 0 394.83243 0 
0 0 0 514.43915 0 0 0 0 0 0 0 0 0 0 0 0 514.43915 0 514.43915 0 0 0 0 0 0 514.43915 0 0 0 0 
782.98175 0 782.98175 0 0 0 782.98175 782.98175 0 0 0 0 782.98175 0 0 782.98175 0 0 0 782.98175 0 0 782.98175 0 0 0 782.98175 782.98175 0 782.98175 
0 726.1078 0 0 0 0 0 0 0 0 0 0 0 726.1078 726.1078 0 0 726.1078 0 0 726.1078 0 0 726.1078 726.1078 0 0 0 0 0 
0 150.02362 0 0 0 0 0 0 0 0 0 0 0 150.02362 150.02362 0 0 150.02362 0 0 150.02362 0 0 150.02362 150.02362 0 0 0 0 0 
0 0 0 629.1851 0 0 0 0 0 0 0 0 0 0 0 0 629.1851 0 629.1851 0 0 0 0 0 0 629.1851 0 0 0 0 
842.8202 0 842.8202 0 0 0 842.8202 842.8202 0 0 0 0 842.8202 0 0 842.8202 0 0 0 842.8202 0 0 842.8202 0 0 0 842.8202 842.8202 0 842.8202 
0 0 0 0 401.9341 401.9341 0 0 401.9341 401.9341 401.9341 401.9341 0 0 0 0 0 0 0 0 0 401.9341 0 0 0 0 0 0 401.9341 0 
560.3846 0 560.3846 0 0 0 560.3846 560.3846 0 0 0 0 560.3846 0 0 560.3846 0 0 0 560.3846 0 0 560.3846 0 0 0 560.3846 560.3846 0 560.3846 
0 0 0 367.2238 0 0 0 0 0 0 0 0 0 0 0 0 367.2238 0 367.2238 0 0 0 0 0 0 367.2238 0 0 0 0 
427.3793 0 427.3793 0 0 0 427.3793 427.3793 0 0 0 0 427.3793 0 0 427.3793 0 0 0 427.3793 0 0 427.3793 0 0 0 427.3793 427.3793 0 427.3793 
0 111.247604 0 0 0 0 0 0 0 0 0 0 0 111.247604 111.247604 0 0 111.247604 0 0 111.247604 0 0 111.247604 111.247604 0 0 0 0 0 
0 390.28873 0 0 0 0 0 0 0 0 0 0 0 390.28873 390.28873 0 0 390.28873 0 0 390.28873 0 0 390.28873 390.28873 0 0 0 0 0 
0 409.42566 0 0 0 0 0 0 0 0 0 0 0 409.42566 409.42566 0 0 409.42566 0 0 409.42566 0 0 409.42566 409.42566 0 0 0 0 0 
0 0 0 0 347.24527 347.24527 0 0 347.24527 347.24527 347.24527 347.24527 0 0 0 0 0 0 0 0 0 347.24527 0 0 0 0 0 0 347.24527 0 
0 0 0 293.10223 0 0 0 0 0 0 0 0 0 0 0 0 293.10223 0 293.10223 0 0 0 0 0 0 293.10223 0 0 0 0 
0 0 0 882.9569 0 0 0 0 0 0 0 0 0 0 0 0 882.9569 0 882.9569 0 0 0 0 0 0 882.9569 0 0 0 0 
0 630.056 0 0 0 0 0 0 0 0 0 0 0 630.056 630.056 0 0 630.056 0 0 630.056 0 0 630.056 630.056 0 0 0 0 0 
0 116.819016 0 0 0 0 0 0 0 0 0 0 0 116.819016 116.819016 0 0 116.819016 0 0 116.819016 0 0 116.819016 116.819016 0 0 0 0 0 
0 0 0 0 260.23743 260.23743 0 0 260.23743 260.23743 260.23743 260.23743 0 0 0 0 0 0 0 0 0 260.23743 0 0 0 0 0 0 260.23743 0 
0 0 0 0 138.82875 138.82875 0 0 138.82875 138.82875 138.82875 138.82875 0 0 0 0 0 0 0 0 0 138.82875 0 0 0 0 0 0 138.82875 0 
0 0 0 259.65 0 0 0 0 0 0 0 0 0 0 0 0 259.65 0 259.65 0 0 0 0 0 0 259.65 0 0 0 0 
513.3372 0 513.3372 0 0 0 513.3372 513.3372 0 0 0 0 513.3372 0 0 513.3372 0 0 0 513.3372 0 0 513.3372 0 0 0 513.3372 513.3372 0 513.3372 
0 268.05704 0 0 0 0 0 0 0 0 0 0 0 268.05704 268.05704 0 0 268.05704 0 0 268.05704 0 0 268.05704 268.05704 0 0 0 0 0 
95.37079 0 95.37079 0 0 0 95.37079 95.37079 0 0 0 0 95.37079 0 0 95.37079 0 0 0 95.37079 0 0 95.37079 0 0 0 95.37079 95.37079 0 95.37079 
0 0 0 889.171 0 0 0 0 0 0 0 0 0 0 0 0 889.171 0 889.171 0 0 0 0 0 0 889.171 0 0 0 0 
513.1763 0 513.1763 0 0 0 513.1763 513.1763 0 0 0 0 513.1763 0 0 513.1763 0 0 0 513.1763 0 0 513.1763 0 0 0 513.1763 513.1763 0 513.1763 
0 0 0 673.73157 0 0 0 0 0 0 0 0 0 0 0 0 673.73157 0 673.73157 0 0 0 0 0 0 673.73157 0 0 0 0 
0 0 0 0 682.99756 682.99756 0 0 682.99756 682.99756 682.99756 682.99756 0 0 0 0 0 0 0 0 0 682.99756 0 0 0 0 0 0 682.99756 0 
0 681.66016 0 0 0 0 0 0 0 0 0 0 0 681.66016 681.66016 0 0 681.66016 0 0 681.66016 0 0 681.66016 681.66016 0 0 0 0 0 
387.5933 0 387.5933 0 0 0 387.5933 387.5933 0 0 0 0 387.5933 0 0 387.5933 0 0 0 387.5933 0 0 387.5933 0 0 0 387.5933 387.5933 0 387.5933 
482.38058 0 482.38058 0 0 0 482.38058 482.38058 0 0 0 0 482.38058 0 0 482.38058 0 0 0 482.38058 0 0 482.38058 0 0 0 482.38058 482.38058 0 482.38058 
0 455.8093 0 0 0 0 0 0 0 0 0 0 0 455.8093 455.8093 0 0 455.8093 0 0 455.8093 0 0 455.8093 455.8093 0 0 0 0 0 
0 238.70955 0 0 0 0 0 0 0 0 0 0 0 238.70955 238.70955 0 0 238.70955 0 0 238.70955 0 0 238.70955 238.70955 0 0 0 0 0 
327.68625 0 327.68625 0 0 0 327.68625 327.68625 0 0 0 0 327.68625 0 0 327.68625 0 0 0 327.68625 0 0 327.68625 0 0 0 327.68625 327.68625 0 327.68625 
526.1339 0 526.1339 0 0 0 526.1339 526.1339 0 0 0 0 526.1339 0 0 526.1339 0 0 0 526.1339 0 0 526.1339 0 0 0 526.1339 526.1339 0 526.1339 
386.80103 0 386.80103 0 0 0 386.80103 386.80103 0 0 0 0 386.80103 0 0 386.80103 0 0 0 386.80103 0 0 386.80103 0 0 0 386.80103 386.80103 0 386.80103 
0 0 0 0 455.5902 455.5902 0 0 455.5902 455.5902 455.5902 455.5902 0 0 0 0 0 0 0 0 0 455.5902 0 0 0 0 0 0 455.5902 0 
0 615.22015 0 0 0 0 0 0 0 0 0 0 0 615.22015 615.22015 0 0 615.22015 0 0 615.22015 0 0 615.22015 615.22015 0 0 0 0 0 
0 0 0 481.31 0 0 0 0 0 0 0 0 0 0 0 0 481.31 0 481.31 0 0 0 0 0 0 481.31 0 0 0 0 
627.82306 0 627.82306 0 0 0 627.82306 627.82306 0 0 0 0 627.82306 0 0 627.82306 0 0 0 627.82306 0 0 627.82306 0 0 0 627.82306 627.82306 0 627.82306 
0 0 0 501.13333 0 0 0 0 0 0 0 0 0 0 0 0 501.13333 0 501.13333 0 0 0 0 0 0 501.13333 0 0 0 0 
0 0 0 679.6339 0 0 0 0 0 0 0 0 0 0 0 0 679.6339 0 679.6339 0 0 0 0 0 0 679.6339 0 0 0 0 
0 540.75 0 0 0 0 0 0 0 0 0 0 0 540.75 540.75 0 0 540.75 0 0 540.75 0 0 540.75 540.75 0 0 0 0 0 
382.92474 0 382.92474 0 0 0 382.92474 382.92474 0 0 0 0 382.92474 0 0 382.92474 0 0 0 382.92474 0 0 382.92474 0 0 0 382.92474 382.92474 0 382.92474 
0 0 0 269.68036 0 0 0 0 0 0 0 0 0 0 0 0 269.68036 0 269.68036 0 0 0 0 0 0 269.68036 0 0 0 0 
0 164.36354 0 0 0 0 0 0 0 0 0 0 0 164.36354 164.36354 0 0 164.36354 0 0 164.36354 0 0 164.36354 164.36354 0 0 0 0 0 
0 624.08997 0 0 0 0 0 0 0 0 0 0 0 624.08997 624.08997 0 0 624.08997 0 0 624.08997 0 0 624.08997 624.08997 0 0 0 0 0 
0 400.55334 0 0 0 0 0 0 0 0 0 0 0 400.55334 400.55334 0 0 400.55334 0 0 400.55334 0 0 400.55334 400.55334 0 0 0 0 0 
414.68512 0 414.68512 0 0 0 414.68512 414.68512 0 0 0 0 414.68512 0 0 414.68512 0 0 0 414.68512 0 0 414.68512 0 0 0 414.68512 414.68512 0 414.68512 
0 0 0 0 968.3142 968.3142 0 0 968.3142 968.3142 968.3142 968.3142 0 0 0 0 0 0 0 0 0 968.3142 0 0 0 0 0 0 968.3142 0 
0 0 0 0 603.45886 603.45886 0 0 603.45886 603.45886 603.45886 603.45886 0 0 0 0 0 0 0 0 0 603.45886 0 0 0 0 0 0 603.45886 0 
0 0 0 515.16736 0 0 0 0 0 0 0 0 0 0 0 0 515.16736 0 515.16736 0 0 0 0 0 0 515.16736 0 0 0 0 
0 0 0 0 780.07294 780.07294 0 0 780.07294 780.07294 780.07294 780.07294 0 0 0 0 0 0 0 0 0 780.07294 0 0 0 0 0 0 780.07294 0 
147.75735 0 147.75735 0 0 0 147.75735 147.75735 0 0 0 0 147.75735 0 0 147.75735 0 0 0 147.75735 0 0 147.75735 0 0 0 147.75735 147.75735 0 147.75735 
0 0 0 0 238.11449 238.11449 0 0 238.11449 238.11449 238.11449 238.11449 0 0 0 0 0 0 0 0 0 238.11449 0 0 0 0 0 0 238.11449 0 
302.08838 0 302.08838 0 0 0 302.08838 302.08838 0 0 0 0 302.08838 0 0 302.08838 0 0 0 302.08838 0 0 302.08838 0 0 0 302.08838 302.08838 0 302.08838 
0 0 0 0 382.10934 382.10934 0 0 382.10934 382.10934 382.10934 382.10934 0 0 0 0 0 0 0 0 0 382.10934 0 0 0 0 0 0 382.10934 0 
0 503.67587 0 0 0 0 0 0 0 0 0 0 0 503.67587 503.67587 0 0 503.67587 0 0 503.67587 0 0 503.67587 503.67587 0 0 0 0 0 
0 0 0 1081.354 0 0 0 0 0 0 0 0 0 0 0 0 1081.354 0 1081.354 0 0 0 0 0 0 1081.354 0 0 0 0 
311.976 0 311.976 0 0 0 311.976 311.976 0 0 0 0 311.976 0 0 311.976 0 0 0 311.976 0 0 311.976 0 0 0 311.976 311.976 0 311.976 
630.7212 0 630.7212 0 0 0 630.7212 630.7212 0 0 0 0 630.7212 0 0 630.7212 0 0 0 630.7212 0 0 630.7212 0 0 0 630.7212 630.7212 0 630.7212 
139.28229 0 139.28229 0 0 0 139.28229 139.28229 0 0 0 0 139.28229 0 0 139.28229 0 0 0 139.28229 0 0 139.28229 0 0 0 139.28229 139.28229 0 139.28229 
0 0 0 0 424.5605 424.5605 0 0 424.5605 424.5605 424.5605 424.5605 0 0 0 0 0 0 0 0 0 424.5605 0 0 0 0 0 0 424.5605 0 
0 0 0 390.81876 0 0 0 0 0 0 0 0 0 0 0 0 390.81876 0 390.81876 0 0 0 0 0 0 390.81876 0 0 0 0 
802.3959 0 802.3959 0 0 0 802.3959 802.3959 0 0 0 0 802.3959 0 0 802.3959 0 0 0 802.3959 0 0 802.3959 0 0 0 802.3959 802.3959 0 802.3959 
0 120.86766 0 0 0 0 0 0 0 0 0 0 0 120.86766 120.86766 0 0 120.86766 0 0 120.86766 0 0 120.86766 120.86766 0 0 0 0 0 
0 0 0 0 338.33426 338.33426 0 0 338.33426 338.33426 338.33426 338.33426 0 0 0 0 0 0 0 0 0 338.33426 0 0 0 0 0 0 338.33426 0 
235.1623 0 235.1623 0 0 0 235.1623 235.1623 0 0 0 0 235.1623 0 0 235.1623 0 0 0 235.1623 0 0 235.1623 0 0 0 235.1623 235.1623 0 235.1623 
222.06145 0 222.06145 0 0 0 222.06145 222.06145 0 0 0 0 222.06145 0 0 222.06145 0 0 0 222.06145 0 0 222.06145 0 0 0 222.06145 222.06145 0 222.06145 
330.9092 0 330.9092 0 0 0 330.9092 330.9092 0 0 0 0 330.9092 0 0 330.9092 0 0 0 330.9092 0 0 330.9092 0 0 0 330.9092 330.9092 0 330.9092 
0 162.77963 0 0 0 0 0 0 0 0 0 0 0 162.77963 162.77963 0 0 162.77963 0 0 162.77963 0 0 162.77963 162.77963 0 0 0 0 0 
217.32632 0 217.32632 0 0 0 217.32632 217.32632 0 0 0 0 217.32632 0 0 217.32632 0 0 0 217.32632 0 0 217.32632 0 0 0 217.32632 217.32632 0 217.32632 
0 0 0 487.7974 0 0 0 0 0 0 0 0 0 0 0 0 487.7974 0 487.7974 0 0 0 0 0 0 487.7974 0 0 0 0 
0 180.5151 0 0 0 0 0 0 0 0 0 0 0 180.5151 180.5151 0 0 180.5151 0 0 180.5151 0 0 180.5151 180.5151 0 0 0 0 0 
290.78244 0 290.78244 0 0 0 290.78244 290.78244 0 0 0 0 290.78244 0 0 290.78244 0 0 0 290.78244 0 0 290.78244 0 0 0 290.78244 290.78244 0 290.78244 
0 0 0 781.106 0 0 0 0 0 0 0 0 0 0 0 0 781.106 0 781.106 0 0 0 0 0 0 781.106 0 0 0 0 
0 0 0 209.7217 0 0 0 0 0 0 0 0 0 0 0 0 209.7217 0 209.7217 0 0 0 0 0 0 209.7217 0 0 0 0 
0 0 0 0 178.7775 178.7775 0 0 178.7775 178.7775 178.7775 178.7775 0 0 0 0 0 0 0 0 0 178.7775 0 0 0 0 0 0 178.7775 0 
0 0 0 431.64838 0 0 0 0 0 0 0 0 0 0 0 0 431.64838 0 431.64838 0 0 0 0 0 0 431.64838 0 0 0 0 
0 0 0 138.58203 0 0 0 0 0 0 0 0 0 0 0 0 138.58203 0 138.58203 0 0 0 0 0 0 138.58203 0 0 0 0 
490.05673 0 490.05673 0 0 0 490.05673 490.05673 0 0 0 0 490.05673 0 0 490.05673 0 0 0 490.05673 0 0 490.05673 0 0 0 490.05673 490.05673 0 490.05673 
0 0 0 0 174.16841 174.16841 0 0 174.16841 174.16841 174.16841 174.16841 0 0 0 0 0 0 0 0 0 174.16841 0 0 0 0 0 0 174.16841 0 
975.66815 0 975.66815 0 0 0 975.66815 975.66815 0 0 0 0 975.66815 0 0 975.66815 0 0 0 975.66815 0 0 975.66815 0 0 0 975.66815 975.66815 0 975.66815 
0 204.81682 0 0 0 0 0 0 0 0 0 0 0 204.81682 204.81682 0 0 204.81682 0 0 204.81682 0 0 204.81682 204.81682 0 0 0 0 0 
0 0 0 0 106.673584 106.673584 0 0 106.673584 106.673584 106.673584 106.673584 0 0 0 0 0 0 0 0 0 106.673584 0 0 0 0 0 0 106.673584 0 
0 0 0 0 311.28162 311.28162 0 0 311.28162 311.28162 311.28162 311.28162 0 0 0 0 0 0 0 0 0 311.28162 0 0 0 0 0 0 311.28162 0 
325.3517 0 325.3517 0 0 0 325.3517 325.3517 0 0 0 0 325.3517 0 0 325.3517 0 0 0 325.3517 0 0 325.3517 0 0 0 325.3517 325.3517 0 325.3517 
0 0 0 0 281.0348 281.0348 0 0 281.0348 281.0348 281.0348 281.0348 0 0 0 0 0 0 0 0 0 281.0348 0 0 0 0 0 0 281.0348 0 
144.48883 0 144.48883 0 0 0 144.48883 144.48883 0 0 0 0 144.48883 0 0 144.48883 0 0 0 144.48883 0 0 144.48883 0 0 0 144.48883 144.48883 0 144.48883 
0 0 0 0 525.81116 525.81116 0 0 525.81116 525.81116 525.81116 525.81116 0 0 0 0 0 0 0 0 0 525.81116 0 0 0 0 0 0 525.81116 0 
0 176.64267 0 0 0 0 0 0 0 0 0 0 0 176.64267 176.64267 0 0 176.64267 0 0 176.64267 0 0 176.64267 176.64267 0 0 0 0 0 
0 0 0 185.9425 0 0 0 0 0 0 0 0 0 0 0 0 185.9425 0 185.9425 0 0 0 0 0 0 185.9425 0 0 0 0 
0 0 0 284.85855 0 0 0 0 0 0 0 0 0 0 0 0 284.85855 0 284.85855 0 0 0 0 0 0 284.85855 0 0 0 0 
0 0 0 0 270.65042 270.65042 0 0 270.65042 270.65042 270.65042 270.65042 0 0 0 0 0 0 0 0 0 270.65042 0 0 0 0 0 0 270.65042 0 
0 0 0 0 180.68346 180.68346 0 0 180.68346 180.68346 180.68346 180.68346 0 0 0 0 0 0 0 0 0 180.68346 0 0 0 0 0 0 180.68346 0 
0 0 0 488.75992 0 0 0 0 0 0 0 0 0 0 0 0 488.75992 0 488.75992 0 0 0 0 0 0 488.75992 0 0 0 0 
0 530.8652 0 0 0 0 0 0 0 0 0 0 0 530.8652 530.8652 0 0 530.8652 0 0 530.8652 0 0 530.8652 530.8652 0 0 0 0 0 
0 0 0 127.15217 0 0 0 0 0 0 0 0 0 0 0 0 127.15217 0 127.15217 0 0 0 0 0 0 127.15217 0 0 0 0 
0 0 0 503.42035 0 0 0 0 0 0 0 0 0 0 0 0 503.42035 0 503.42035 0 0 0 0 0 0 503.42035 0 0 0 0 
0 0 0 347.47107 0 0 0 0 0 0 0 0 0 0 0 0 347.47107 0 347.47107 0 0 0 0 0 0 347.47107 0 0 0 0 
0 0 0 285.63828 0 0 0 0 0 0 0 0 0 0 0 0 285.63828 0 285.63828 0 0 0 0 0 0 285.63828 0 0 0 0 
717.9816 0 717.9816 0 0 0 717.9816 717.9816 0 0 0 0 717.9816 0 0 717.9816 0 0 0 717.9816 0 0 717.9816 0 0 0 717.9816 717.9816 0 717.9816 
0 0 0 0 630.23737 630.23737 0 0 630.23737 630.23737 630.23737 630.23737 0 0 0 0 0 0 0 0 0 630.23737 0 0 0 0 0 0 630.23737 0 
636.6792 0 636.6792 0 0 0 636.6792 636.6792 0 0 0 0 636.6792 0 0 636.6792 0 0 0 636.6792 0 0 636.6792 0 0 0 636.6792 636.6792 0 636.6792 
0 706.9372 0 0 0 0 0 0 0 0 0 0 0 706.9372 706.9372 0 0 706.9372 0 0 706.9372 0 0 706.9372 706.9372 0 0 0 0 0 
0 0 0 0 384.69647 384.69647 0 0 384.69647 384.69647 384.69647 384.69647 0 0 0 0 0 0 0 0 0 384.69647 0 0 0 0 0 0 384.69647 0 
0 0 0 0 356.8274 356.8274 0 0 356.8274 356.8274 356.8274 356.8274 0 0 0 0 0 0 0 0 0 356.8274 0 0 0 0 0 0 356.8274 0 
0 0 0 391.3248 0 0 0 0 0 0 0 0 0 0 0 0 391.3248 0 391.3248 0 0 0 0 0 0 391.3248 0 0 0 0 
0 0 0 0 359.83398 359.83398 0 0 359.83398 359.83398 359.83398 359.83398 0 0 0 0 0 0 0 0 0 359.83398 0 0 0 0 0 0 359.83398 0 
459.12192 0 459.12192 0 0 0 459.12192 459.12192 0 0 0 0 459.12192 0 0 459.12192 0 0 0 459.12192 0 0 459.12192 0 0 0 459.12192 459.12192 0 459.12192 
0 602.7256 0 0 0 0 0 0 0 0 0 0 0 602.7256 602.7256 0 0 602.7256 0 0 602.7256 0 0 602.7256 602.7256 0 0 0 0 0 
0 0 0 203.80649 0 0 0 0 0 0 0 0 0 0 0 0 203.80649 0 203.80649 0 0 0 0 0 0 203.80649 0 0 0 0 
0 211.26295 0 0 0 0 0 0 0 0 0 0 0 211.26295 211.26295 0 0 211.26295 0 0 211.26295 0 0 211.26295 211.26295 0 0 0 0 0 
0 244.36398 0 0 0 0 0 0 0 0 0 0 0 244.36398 244.36398 0 0 244.36398 0 0 244.36398 0 0 244.36398 244.36398 0 0 0 0 0 
0 0 0 290.61786 0 0 0 0 0 0 0 0 0 0 0 0 290.61786 0 290.61786 0 0 0 0 0 0 290.61786 0 0 0 0 
0 0 0 83.17472 0 0 0 0 0 0 0 0 0 0 0 0 83.17472 0 83.17472 0 0 0 0 0 0 83.17472 0 0 0 0 
81.40737 0 81.40737 0 0 0 81.40737 81.40737 0 0 0 0 81.40737 0 0 81.40737 0 0 0 81.40737 0 0 81.40737 0 0 0 81.40737 81.40737 0 81.40737 
0 0 0 0 107.870476 107.870476 0 0 107.870476 107.870476 107.870476 107.870476 0 0 0 0 0 0 0 0 0 107.870476 0 0 0 0 0 0 107.870476 0 
0 0 0 0 532.013 532.013 0 0 532.013 532.013 532.013 532.013 0 0 0 0 0 0 0 0 0 532.013 0 0 0 0 0 0 532.013 0 
0 0 0 99.69822 0 0 0 0 0 0 0 0 0 0 0 0 99.69822 0 99.69822 0 0 0 0 0 0 99.69822 0 0 0 0 
0 0 0 88.94763 0 0 0 0 0 0 0 0 0 0 0 0 88.94763 0 88.94763 0 0 0 0 0 0 88.94763 0 0 0 0 
0 0 0 522.90186 0 0 0 0 0 0 0 0 0 0 0 0 522.90186 0 522.90186 0 0 0 0 0 0 522.90186 0 0 0 0 
0 944.58655 0 0 0 0 0 0 0 0 0 0 0 944.58655 944.58655 0 0 944.58655 0 0 944.58655 0 0 944.58655 944.58655 0 0 0 0 0 
0 533.4689 0 0 0 0 0 0 0 0 0 0 0 533.4689 533.4689 0 0 533.4689 0 0 533.4689 0 0 533.4689 533.4689 0 0 0 0 0 
0 0 0 729.64087 0 0 0 0 0 0 0 0 0 0 0 0 729.64087 0 729.64087 0 0 0 0 0 0 729.64087 0 0 0 0 
0 0 0 0 384.03854 384.03854 0 0 384.03854 384.03854 384.03854 384.03854 0 0 0 0 0 0 0 0 0 384.03854 0 0 0 0 0 0 384.03854 0 
0 537.34845 0 0 0 0 0 0 0 0 0 0 0 537.34845 537.34845 0 0 537.34845 0 0 537.34845 0 0 537.34845 537.34845 0 0 0 0 0 
0 0 0 404.27014 0 0 0 0 0 0 0 0 0 0 0 0 404.27014 0 404.27014 0 0 0 0 0 0 404.27014 0 0 0 0 
0 0 0 189.27446 0 0 0 0 0 0 0 0 0 0 0 0 189.27446 0 189.27446 0 0 0 0 0 0 189.27446 0 0 0 0 
0 0 0 0 644.6688 644.6688 0 0 644.6688 644.6688 644.6688 644.6688 0 0 0 0 0 0 0 0 0 644.6688 0 0 0 0 0 0 644.6688 0 
0 129.18422 0 0 0 0 0 0 0 0 0 0 0 129.18422 129.18422 0 0 129.18422 0 0 129.18422 0 0 129.18422 129.18422 0 0 0 0 0 
0 0 0 561.68524 0 0 0 0 0 0 0 0 0 0 0 0 561.68524 0 561.68524 0 0 0 0 0 0 561.68524 0 0 0 0 
0 596.3632 0 0 0 0 0 0 0 0 0 0 0 596.3632 596.3632 0 0 596.3632 0 0 596.3632 0 0 596.3632 596.3632 0 0 0 0 0 
0 0 0 0 294.66284 294.66284 0 0 294.66284 294.66284 294.66284 294.66284 0 0 0 0 0 0 0 0 0 294.66284 0 0 0 0 0 0 294.66284 0 
0 0 0 0 268.75995 268.75995 0 0 268.75995 268.75995 268.75995 268.75995 0 0 0 0 0 0 0 0 0 268.75995 0 0 0 0 0 0 268.75995 0 
511.94504 0 511.94504 0 0 0 511.94504 511.94504 0 0 0 0 511.94504 0 0 511.94504 0 0 0 511.94504 0 0 511.94504 0 0 0 511.94504 511.94504 0 511.94504 
437.07922 0 437.07922 0 0 0 437.07922 437.07922 0 0 0 0 437.07922 0 0 437.07922 0 0 0 437.07922 0 0 437.07922 0 0 0 437.07922 437.07922 0 437.07922 
667.75806 0 667.75806 0 0 0 667.75806 667.75806 0 0 0 0 667.75806 0 0 667.75806 0 0 0 667.75806 0 0 667.75806 0 0 0 667.75806 667.75806 0 667.75806 
0 470.09525 0 0 0 0 0 0 0 0 0 0 0 470.09525 470.09525 0 0 470.09525 0 0 470.09525 0 0 470.09525 470.09525 0 0 0 0 0 
0 0 0 129.2346 0 0 0 0 0 0 0 0 0 0 0 0 129.2346 0 129.2346 0 0 0 0 0 0 129.2346 0 0 0 0 
269.45898 0 269.45898 0 0 0 269.45898 269.45898 0 0 0 0 269.45898 0 0 269.45898 0 0 0 269.45898 0 0 269.45898 0 0 0 269.45898 269.45898 0 269.45898 
0 408.48618 0 0 0 0 0 0 0 0 0 0 0 408.48618 408.48618 0 0 408.48618 0 0 408.48618 0 0 408.48618 408.48618 0 0 0 0 0 
0 0 0 0 70.52165 70.52165 0 0 70.52165 70.52165 70.52165 70.52165 0 0 0 0 0 0 0 0 0 70.52165 0 0 0 0 0 0 70.52165 0 
0 0 0 404.1669 0 0 0 0 0 0 0 0 0 0 0 0 404.1669 0 404.1669 0 0 0 0 0 0 404.1669 0 0 0 0 
717.5325 0 717.5325 0 0 0 717.5325 717.5325 0 0 0 0 717.5325 0 0 717.5325 0 0 0 717.5325 0 0 717.5325 0 0 0 717.5325 717.5325 0 717.5325 
0 929.2898 0 0 0 0 0 0 0 0 0 0 0 929.2898 929.2898 0 0 929.2898 0 0 929.2898 0 0 929.2898 929.2898 0 0 0 0 0 
0 0 0 0 452.7301 452.7301 0 0 452.7301 452.7301 452.7301 452.7301 0 0 0 0 0 0 0 0 0 452.7301 0 0 0 0 0 0 452.7301 0 
135.82207 0 135.82207 0 0 0 135.82207 135.82207 0 0 0 0 135.82207 0 0 135.82207 0 0 0 135.82207 0 0 135.82207 0 0 0 135.82207 135.82207 0 135.82207 
0 0 0 651.35284 0 0 0 0 0 0 0 0 0 0 0 0 651.35284 0 651.35284 0 0 0 0 0 0 651.35284 0 0 0 0 
0 0 0 540.46204 0 0 0 0 0 0 0 0 0 0 0 0 540.46204 0 540.46204 0 0 0 0 0 0 540.46204 0 0 0 0 
961.0373 0 961.0373 0 0 0 961.0373 961.0373 0 0 0 0 961.0373 0 0 961.0373 0 0 0 961.0373 0 0 961.0373 0 0 0 961.0373 961.0373 0 961.0373 
488.24673 0 488.24673 0 0 0 488.24673 488.24673 0 0 0 0 488.24673 0 0 488.24673 0 0 0 488.24673 0 0 488.24673 0 0 0 488.24673 488.24673 0 488.24673 
390.15198 0 390.15198 0 0 0 390.15198 390.15198 0 0 0 0 390.15198 0 0 390.15198 0 0 0 390.15198 0 0 390.15198 0 0 0 390.15198 390.15198 0 390.15198 
0 0 0 0 415.1998 415.1998 0 0 415.1998 415.1998 415.1998 415.1998 0 0 0 0 0 0 0 0 0 415.1998 0 0 0 0 0 0 415.1998 0 
593.1629 0 593.1629 0 0 0 593.1629 593.1629 0 0 0 0 593.1629 0 0 593.1629 0 0 0 593.1629 0 0 593.1629 0 0 0 593.1629 593.1629 0 593.1629 
0 0 0 0 442.60712 442.60712 0 0 442.60712 442.60712 442.60712 442.60712 0 0 0 0 0 0 0 0 0 442.60712 0 0 0 0 0 0 442.60712 0 
0 275.6303 0 0 0 0 0 0 0 0 0 0 0 275.6303 275.6303 0 0 275.6303 0 0 275.6303 0 0 275.6303 275.6303 0 0 0 0 0 
0 0 0 898.4799 0 0 0 0 0 0 0 0 0 0 0 0 898.4799 0 898.4799 0 0 0 0 0 0 898.4799 0 0 0 0 
0 0 0 139.21645 0 0 0 0 0 0 0 0 0 0 0 0 139.21645 0 139.21645 0 0 0 0 0 0 139.21645 0 0 0 0 
0 0 0 0 573.38885 573.38885 0 0 573.38885 573.38885 573.38885 573.38885 0 0 0 0 0 0 0 0 0 573.38885 0 0 0 0 0 0 573.38885 0 
0 0 0 0 523.57764 523.57764 0 0 523.57764 523.57764 523.57764 523.57764 0 0 0 0 0 0 0 0 0 523.57764 0 0 0 0 0 0 523.57764 0 
292.08957 0 292.08957 0 0 0 292.08957 292.08957 0 0 0 0 292.08957 0 0 292.08957 0 0 0 292.08957 0 0 292.08957 0 0 0 292.08957 292.08957 0 292.08957 
787.80164 0 787.80164 0 0 0 787.80164 787.80164 0 0 0 0 787.80164 0 0 787.80164 0 0 0 787.80164 0 0 787.80164 0 0 0 787.80164 787.80164 0 787.80164 
0 825.61304 0 0 0 0 0 0 0 0 0 0 0 825.61304 825.61304 0 0 825.61304 0 0 825.61304 0 0 825.61304 825.61304 0 0 0 0 0 
0 0 0 401.86487 0 0 0 0 0 0 0 0 0 0 0 0 401.86487 0 401.86487 0 0 0 0 0 0 401.86487 0 0 0 0 
0 364.20776 0 0 0 0 0 0 0 0 0 0 0 364.20776 364.20776 0 0 364.20776 0 0 364.20776 0 0 364.20776 364.20776 0 0 0 0 0 
