250 10
6 13 5 8 0 13 6 4 7 11 
13 26 14 21 2 26 12 10 15 22 
0.78 0.29 0.14 0.25 0.76 0.60 0.05 0.67 0.43 0.89 
2 5 2 3 0 5 2 1 2 4 
1.00 0.35 0.83 0.74 0.97 0.62 0.16 1.00 0.90 1.00 
1 2 1 1 0 2 1 0 1 2 
0 0 0 2.55 0 0 0 0 0 0 
0 0 0 0 1.08 0 0 0 0 0 
0 0 0 1.81 0 0 0 0 0 0 
0 0 0 0 2.05 0 0 0 0 0 
0 0 0 0 5.52 0 0 0 0 0 
0 0 0 0 3.54 0 0 0 0 0 
0 0 0 5.07 0 0 0 0 0 0 
0 0 0 5.25 0 0 0 0 0 0 
0 0 0 1.39 0 0 0 0 0 0 
0 0 3.42 0 0 0 3.42 3.42 0 0 
0 0 0 0 1.27 0 0 0 0 0 
0 0 0 3.34 0 0 0 0 0 0 
1.94 1.94 0 0 0 1.94 0 0 1.94 1.94 
1.84 1.84 0 0 0 1.84 0 0 1.84 1.84 
0 0 4.38 0 0 0 4.38 4.38 0 0 
0 0 0 1.81 0 0 0 0 0 0 
0 0 0 2.49 0 0 0 0 0 0 
0 0 2.22 0 0 0 2.22 2.22 0 0 
0 0 0 1.90 0 0 0 0 0 0 
0 0 5.00 0 0 0 5.00 5.00 0 0 
0 0 5.39 0 0 0 5.39 5.39 0 0 
0 0 2.16 0 0 0 2.16 2.16 0 0 
0 0 0 3.26 0 0 0 0 0 0 
0 0 0 2.95 0 0 0 0 0 0 
0 0 2.90 0 0 0 2.90 2.90 0 0 
0 0 0 0 4.37 0 0 0 0 0 
0 0 0 5.09 0 0 0 0 0 0 
0 0 0 2.34 0 0 0 0 0 0 
5.20 5.20 0 0 0 5.20 0 0 5.20 5.20 
2.66 2.66 0 0 0 2.66 0 0 2.66 2.66 
0 0 0 5.38 0 0 0 0 0 0 
0 0 0 0 1.60 0 0 0 0 0 
1.91 1.91 0 0 0 1.91 0 0 1.91 1.91 
4.02 4.02 0 0 0 4.02 0 0 4.02 4.02 
0 0 0 0 2.54 0 0 0 0 0 
0 0 4.32 0 0 0 4.32 4.32 0 0 
0 0 2.67 0 0 0 2.67 2.67 0 0 
0 0 0 2.39 0 0 0 0 0 0 
0 0 1.44 0 0 0 1.44 1.44 0 0 
2.26 2.26 0 0 0 2.26 0 0 2.26 2.26 
0 0 0 2.91 0 0 0 0 0 0 
0 0 5.09 0 0 0 5.09 5.09 0 0 
5.33 5.33 0 0 0 5.33 0 0 5.33 5.33 
0 0 3.27 0 0 0 3.27 3.27 0 0 
0 0 0 5.81 0 0 0 0 0 0 
0 0 0 2.74 0 0 0 0 0 0 
0 0 1.11 0 0 0 1.11 1.11 0 0 
0 0 0 2.11 0 0 0 0 0 0 
0 0 0 4.77 0 0 0 0 0 0 
4.26 4.26 0 0 0 4.26 0 0 4.26 4.26 
5.62 5.62 0 0 0 5.62 0 0 5.62 5.62 
0 0 1.42 0 0 0 1.42 1.42 0 0 
0 0 0 0 3.68 0 0 0 0 0 
0 0 0 0 3.58 0 0 0 0 0 
0 0 1.49 0 0 0 1.49 1.49 0 0 
3.19 3.19 0 0 0 3.19 0 0 3.19 3.19 
0 0 0 0 3.11 0 0 0 0 0 
0 0 0 0 5.79 0 0 0 0 0 
0 0 0 4.25 0 0 0 0 0 0 
0 0 0 5.51 0 0 0 0 0 0 
0 0 0 1.41 0 0 0 0 0 0 
0 0 0 1.05 0 0 0 0 0 0 
0 0 0 1.26 0 0 0 0 0 0 
2.78 2.78 0 0 0 2.78 0 0 2.78 2.78 
0 0 3.44 0 0 0 3.44 3.44 0 0 
5.54 5.54 0 0 0 5.54 0 0 5.54 5.54 
3.81 3.81 0 0 0 3.81 0 0 3.81 3.81 
2.55 2.55 0 0 0 2.55 0 0 2.55 2.55 
3.30 3.30 0 0 0 3.30 0 0 3.30 3.30 
0 0 5.10 0 0 0 5.10 5.10 0 0 
0 0 0 5.43 0 0 0 0 0 0 
0 0 0 0 5.48 0 0 0 0 0 
0 0 0 3.89 0 0 0 0 0 0 
0 0 0 0 3.14 0 0 0 0 0 
0 0 0 0 3.05 0 0 0 0 0 
5.65 5.65 0 0 0 5.65 0 0 5.65 5.65 
2.59 2.59 0 0 0 2.59 0 0 2.59 2.59 
0 0 0 0 1.25 0 0 0 0 0 
0 0 0 2.31 0 0 0 0 0 0 
1.68 1.68 0 0 0 1.68 0 0 1.68 1.68 
1.92 1.92 0 0 0 1.92 0 0 1.92 1.92 
0 0 0 0 2.20 0 0 0 0 0 
0 0 0 0 4.53 0 0 0 0 0 
0 0 0 5.41 0 0 0 0 0 0 
2.75 2.75 0 0 0 2.75 0 0 2.75 2.75 
0 0 0 2.09 0 0 0 0 0 0 
5.31 5.31 0 0 0 5.31 0 0 5.31 5.31 
3.44 3.44 0 0 0 3.44 0 0 3.44 3.44 
0 0 0 0 5.54 0 0 0 0 0 
0 0 0 0 4.92 0 0 0 0 0 
0 0 4.01 0 0 0 4.01 4.01 0 0 
0 0 0 3.28 0 0 0 0 0 0 
0 0 1.43 0 0 0 1.43 1.43 0 0 
5.55 5.55 0 0 0 5.55 0 0 5.55 5.55 
0 0 3.42 0 0 0 3.42 3.42 0 0 
0 0 0 4.85 0 0 0 0 0 0 
0 0 5.59 0 0 0 5.59 5.59 0 0 
3.48 3.48 0 0 0 3.48 0 0 3.48 3.48 
0 0 0 0 5.92 0 0 0 0 0 
4.83 4.83 0 0 0 4.83 0 0 4.83 4.83 
0 0 4.48 0 0 0 4.48 4.48 0 0 
2.98 2.98 0 0 0 2.98 0 0 2.98 2.98 
0 0 0 0 5.68 0 0 0 0 0 
0 0 0 5.49 0 0 0 0 0 0 
0 0 2.27 0 0 0 2.27 2.27 0 0 
0 0 0 0 2.17 0 0 0 0 0 
0 0 5.87 0 0 0 5.87 5.87 0 0 
0 0 2.01 0 0 0 2.01 2.01 0 0 
0 0 0 3.47 0 0 0 0 0 0 
0 0 0 1.52 0 0 0 0 0 0 
0 0 0 0 1.02 0 0 0 0 0 
1.53 1.53 0 0 0 1.53 0 0 1.53 1.53 
0 0 5.08 0 0 0 5.08 5.08 0 0 
0 0 0 0 5.15 0 0 0 0 0 
0 0 2.17 0 0 0 2.17 2.17 0 0 
0 0 4.71 0 0 0 4.71 4.71 0 0 
1.85 1.85 0 0 0 1.85 0 0 1.85 1.85 
1.27 1.27 0 0 0 1.27 0 0 1.27 1.27 
0 0 1.01 0 0 0 1.01 1.01 0 0 
0 0 0 0 5.62 0 0 0 0 0 
0 0 0 1.55 0 0 0 0 0 0 
1.10 1.10 0 0 0 1.10 0 0 1.10 1.10 
0 0 4.72 0 0 0 4.72 4.72 0 0 
0 0 0 0 3.14 0 0 0 0 0 
0 0 0 5.62 0 0 0 0 0 0 
4.37 4.37 0 0 0 4.37 0 0 4.37 4.37 
0 0 4.74 0 0 0 4.74 4.74 0 0 
0 0 0 2.58 0 0 0 0 0 0 
0 0 0 1.75 0 0 0 0 0 0 
0 0 0 2.39 0 0 0 0 0 0 
0 0 0 5.74 0 0 0 0 0 0 
4.01 4.01 0 0 0 4.01 0 0 4.01 4.01 
0 0 0 0 5.99 0 0 0 0 0 
0 0 3.93 0 0 0 3.93 3.93 0 0 
5.65 5.65 0 0 0 5.65 0 0 5.65 5.65 
0 0 4.48 0 0 0 4.48 4.48 0 0 
0 0 1.26 0 0 0 1.26 1.26 0 0 
0 0 0 2.41 0 0 0 0 0 0 
0 0 3.19 0 0 0 3.19 3.19 0 0 
0 0 0 0 4.46 0 0 0 0 0 
0 0 0 0 2.63 0 0 0 0 0 
0 0 0 2.27 0 0 0 0 0 0 
2.04 2.04 0 0 0 2.04 0 0 2.04 2.04 
0 0 4.79 0 0 0 4.79 4.79 0 0 
0 0 2.17 0 0 0 2.17 2.17 0 0 
0 0 0 0 1.18 0 0 0 0 0 
0 0 0 0 3.98 0 0 0 0 0 
4.10 4.10 0 0 0 4.10 0 0 4.10 4.10 
0 0 0 2.36 0 0 0 0 0 0 
0 0 0 4.21 0 0 0 0 0 0 
0 0 3.80 0 0 0 3.80 3.80 0 0 
0 0 2.50 0 0 0 2.50 2.50 0 0 
0 0 2.23 0 0 0 2.23 2.23 0 0 
0 0 0 5.45 0 0 0 0 0 0 
5.14 5.14 0 0 0 5.14 0 0 5.14 5.14 
0 0 0 1.81 0 0 0 0 0 0 
4.39 4.39 0 0 0 4.39 0 0 4.39 4.39 
0 0 2.11 0 0 0 2.11 2.11 0 0 
0 0 0 4.18 0 0 0 0 0 0 
0 0 0 0 3.48 0 0 0 0 0 
0 0 4.26 0 0 0 4.26 4.26 0 0 
0 0 0 5.84 0 0 0 0 0 0 
0 0 0 0 2.64 0 0 0 0 0 
0 0 0 0 5.04 0 0 0 0 0 
4.50 4.50 0 0 0 4.50 0 0 4.50 4.50 
0 0 1.05 0 0 0 1.05 1.05 0 0 
0 0 0 2.06 0 0 0 0 0 0 
2.53 2.53 0 0 0 2.53 0 0 2.53 2.53 
0 0 3.53 0 0 0 3.53 3.53 0 0 
0 0 0 0 4.78 0 0 0 0 0 
0 0 0 3.58 0 0 0 0 0 0 
0 0 0 5.76 0 0 0 0 0 0 
0 0 0 0 1.74 0 0 0 0 0 
0 0 3.27 0 0 0 3.27 3.27 0 0 
5.86 5.86 0 0 0 5.86 0 0 5.86 5.86 
0 0 5.80 0 0 0 5.80 5.80 0 0 
0 0 0 2.47 0 0 0 0 0 0 
5.22 5.22 0 0 0 5.22 0 0 5.22 5.22 
0 0 0 3.79 0 0 0 0 0 0 
0 0 0 3.34 0 0 0 0 0 0 
2.53 2.53 0 0 0 2.53 0 0 2.53 2.53 
0 0 2.79 0 0 0 2.79 2.79 0 0 
0 0 1.92 0 0 0 1.92 1.92 0 0 
0 0 0 0 4.57 0 0 0 0 0 
0 0 0 0 3.21 0 0 0 0 0 
0 0 0 0 1.54 0 0 0 0 0 
0 0 4.23 0 0 0 4.23 4.23 0 0 
0 0 0 0 5.99 0 0 0 0 0 
0 0 3.28 0 0 0 3.28 3.28 0 0 
0 0 1.87 0 0 0 1.87 1.87 0 0 
0 0 1.25 0 0 0 1.25 1.25 0 0 
0 0 2.52 0 0 0 2.52 2.52 0 0 
0 0 4.57 0 0 0 4.57 4.57 0 0 
0 0 4.93 0 0 0 4.93 4.93 0 0 
0 0 0 5.63 0 0 0 0 0 0 
0 0 3.57 0 0 0 3.57 3.57 0 0 
0 0 0 3.85 0 0 0 0 0 0 
2.61 2.61 0 0 0 2.61 0 0 2.61 2.61 
4.80 4.80 0 0 0 4.80 0 0 4.80 4.80 
0 0 0 5.06 0 0 0 0 0 0 
0 0 1.73 0 0 0 1.73 1.73 0 0 
2.24 2.24 0 0 0 2.24 0 0 2.24 2.24 
0 0 0 0 2.21 0 0 0 0 0 
5.82 5.82 0 0 0 5.82 0 0 5.82 5.82 
5.55 5.55 0 0 0 5.55 0 0 5.55 5.55 
3.03 3.03 0 0 0 3.03 0 0 3.03 3.03 
3.70 3.70 0 0 0 3.70 0 0 3.70 3.70 
0 0 5.40 0 0 0 5.40 5.40 0 0 
0 0 2.49 0 0 0 2.49 2.49 0 0 
0 0 3.22 0 0 0 3.22 3.22 0 0 
0 0 1.65 0 0 0 1.65 1.65 0 0 
1.43 1.43 0 0 0 1.43 0 0 1.43 1.43 
0 0 3.48 0 0 0 3.48 3.48 0 0 
3.22 3.22 0 0 0 3.22 0 0 3.22 3.22 
0 0 2.14 0 0 0 2.14 2.14 0 0 
0 0 0 3.17 0 0 0 0 0 0 
0 0 0 0 5.87 0 0 0 0 0 
0 0 2.37 0 0 0 2.37 2.37 0 0 
0 0 0 4.34 0 0 0 0 0 0 
0 0 0 4.43 0 0 0 0 0 0 
0 0 0 0 4.26 0 0 0 0 0 
0 0 3.60 0 0 0 3.60 3.60 0 0 
0 0 0 1.77 0 0 0 0 0 0 
0 0 3.05 0 0 0 3.05 3.05 0 0 
4.73 4.73 0 0 0 4.73 0 0 4.73 4.73 
3.02 3.02 0 0 0 3.02 0 0 3.02 3.02 
0 0 0 1.78 0 0 0 0 0 0 
5.78 5.78 0 0 0 5.78 0 0 5.78 5.78 
0 0 0 0 1.71 0 0 0 0 0 
3.25 3.25 0 0 0 3.25 0 0 3.25 3.25 
0 0 0 2.94 0 0 0 0 0 0 
0 0 0 1.66 0 0 0 0 0 0 
0 0 0 0 5.31 0 0 0 0 0 
0 0 0 2.38 0 0 0 0 0 0 
0 0 0 0 4.64 0 0 0 0 0 
0 0 0 4.27 0 0 0 0 0 0 
0 0 3.88 0 0 0 3.88 3.88 0 0 
0 0 0 2.86 0 0 0 0 0 0 
0 0 0 0 3.98 0 0 0 0 0 
2.49 2.49 0 0 0 2.49 0 0 2.49 2.49 
2.96 2.96 0 0 0 2.96 0 0 2.96 2.96 
2.51 2.51 0 0 0 2.51 0 0 2.51 2.51 
0 0 0 2.81 0 0 0 0 0 0 
0 0 0 2.03 0 0 0 0 0 0 
0 0 0 1.39 0 0 0 0 0 0 
2.89 2.89 0 0 0 2.89 0 0 2.89 2.89 
0 0 0 1.41 0 0 0 0 0 0 
0 0 0 0 4.85 0 0 0 0 0 
4.69 4.69 0 0 0 4.69 0 0 4.69 4.69 
3.56 3.56 0 0 0 3.56 0 0 3.56 3.56 
0 0 0 392.3004 0 0 0 0 0 0 
0 0 0 0 103.14309 0 0 0 0 0 
0 0 0 166.08203 0 0 0 0 0 0 
0 0 0 0 152.11906 0 0 0 0 0 
0 0 0 0 663.83606 0 0 0 0 0 
0 0 0 0 401.54193 0 0 0 0 0 
0 0 0 774.4531 0 0 0 0 0 0 
0 0 0 879.67017 0 0 0 0 0 0 
0 0 0 294.5944 0 0 0 0 0 0 
0 0 427.3613 0 0 0 427.3613 427.3613 0 0 
0 0 0 0 119.70604 0 0 0 0 0 
0 0 0 361.73474 0 0 0 0 0 0 
271.92075 271.92075 0 0 0 271.92075 0 0 271.92075 271.92075 
167.5869 167.5869 0 0 0 167.5869 0 0 167.5869 167.5869 
0 0 211.23196 0 0 0 211.23196 211.23196 0 0 
0 0 0 246.9582 0 0 0 0 0 0 
0 0 0 375.14136 0 0 0 0 0 0 
0 0 225.88696 0 0 0 225.88696 225.88696 0 0 
0 0 0 239.85669 0 0 0 0 0 0 
0 0 278.7442 0 0 0 278.7442 278.7442 0 0 
0 0 555.34344 0 0 0 555.34344 555.34344 0 0 
0 0 257.89624 0 0 0 257.89624 257.89624 0 0 
0 0 0 320.9492 0 0 0 0 0 0 
0 0 0 347.9967 0 0 0 0 0 0 
0 0 523.79364 0 0 0 523.79364 523.79364 0 0 
0 0 0 0 725.7145 0 0 0 0 0 
0 0 0 605.7301 0 0 0 0 0 0 
0 0 0 213.29024 0 0 0 0 0 0 
688.76587 688.76587 0 0 0 688.76587 0 0 688.76587 688.76587 
420.54968 420.54968 0 0 0 420.54968 0 0 420.54968 420.54968 
0 0 0 497.21912 0 0 0 0 0 0 
0 0 0 0 239.517 0 0 0 0 0 
329.0449 329.0449 0 0 0 329.0449 0 0 329.0449 329.0449 
457.48898 457.48898 0 0 0 457.48898 0 0 457.48898 457.48898 
0 0 0 0 304.77444 0 0 0 0 0 
0 0 291.11142 0 0 0 291.11142 291.11142 0 0 
0 0 168.06482 0 0 0 168.06482 168.06482 0 0 
0 0 0 361.42398 0 0 0 0 0 0 
0 0 138.41293 0 0 0 138.41293 138.41293 0 0 
91.37387 91.37387 0 0 0 91.37387 0 0 91.37387 91.37387 
0 0 0 410.12613 0 0 0 0 0 0 
0 0 779.6107 0 0 0 779.6107 779.6107 0 0 
867.3777 867.3777 0 0 0 867.3777 0 0 867.3777 867.3777 
0 0 541.9606 0 0 0 541.9606 541.9606 0 0 
0 0 0 895.492 0 0 0 0 0 0 
0 0 0 379.74222 0 0 0 0 0 0 
0 0 118.68199 0 0 0 118.68199 118.68199 0 0 
0 0 0 242.98929 0 0 0 0 0 0 
0 0 0 530.2297 0 0 0 0 0 0 
377.3362 377.3362 0 0 0 377.3362 0 0 377.3362 377.3362 
984.3336 984.3336 0 0 0 984.3336 0 0 984.3336 984.3336 
0 0 218.11737 0 0 0 218.11737 218.11737 0 0 
0 0 0 0 222.0201 0 0 0 0 0 
0 0 0 0 606.05566 0 0 0 0 0 
0 0 128.46503 0 0 0 128.46503 128.46503 0 0 
530.688 530.688 0 0 0 530.688 0 0 530.688 530.688 
0 0 0 0 403.61462 0 0 0 0 0 
0 0 0 0 612.88074 0 0 0 0 0 
0 0 0 682.37775 0 0 0 0 0 0 
0 0 0 717.38184 0 0 0 0 0 0 
0 0 0 170.68922 0 0 0 0 0 0 
0 0 0 104.60153 0 0 0 0 0 0 
0 0 0 206.83144 0 0 0 0 0 0 
176.42749 176.42749 0 0 0 176.42749 0 0 176.42749 176.42749 
0 0 557.10876 0 0 0 557.10876 557.10876 0 0 
542.40576 542.40576 0 0 0 542.40576 0 0 542.40576 542.40576 
400.1073 400.1073 0 0 0 400.1073 0 0 400.1073 400.1073 
432.02634 432.02634 0 0 0 432.02634 0 0 432.02634 432.02634 
373.0942 373.0942 0 0 0 373.0942 0 0 373.0942 373.0942 
0 0 379.311 0 0 0 379.311 379.311 0 0 
0 0 0 265.38406 0 0 0 0 0 0 
0 0 0 0 745.9246 0 0 0 0 0 
0 0 0 728.8705 0 0 0 0 0 0 
0 0 0 0 246.66481 0 0 0 0 0 
0 0 0 0 454.93756 0 0 0 0 0 
882.701 882.701 0 0 0 882.701 0 0 882.701 882.701 
91.2505 91.2505 0 0 0 91.2505 0 0 91.2505 91.2505 
0 0 0 0 266.47705 0 0 0 0 0 
0 0 0 269.356 0 0 0 0 0 0 
153.79588 153.79588 0 0 0 153.79588 0 0 153.79588 153.79588 
142.39232 142.39232 0 0 0 142.39232 0 0 142.39232 142.39232 
0 0 0 0 358.06116 0 0 0 0 0 
0 0 0 0 699.3904 0 0 0 0 0 
0 0 0 573.9454 0 0 0 0 0 0 
447.7962 447.7962 0 0 0 447.7962 0 0 447.7962 447.7962 
0 0 0 238.49792 0 0 0 0 0 0 
865.5392 865.5392 0 0 0 865.5392 0 0 865.5392 865.5392 
384.45975 384.45975 0 0 0 384.45975 0 0 384.45975 384.45975 
0 0 0 0 847.9807 0 0 0 0 0 
0 0 0 0 408.4535 0 0 0 0 0 
0 0 285.62125 0 0 0 285.62125 285.62125 0 0 
0 0 0 135.33327 0 0 0 0 0 0 
0 0 212.5854 0 0 0 212.5854 212.5854 0 0 
904.3729 904.3729 0 0 0 904.3729 0 0 904.3729 904.3729 
0 0 250.85382 0 0 0 250.85382 250.85382 0 0 
0 0 0 755.55115 0 0 0 0 0 0 
0 0 622.90735 0 0 0 622.90735 622.90735 0 0 
423.7677 423.7677 0 0 0 423.7677 0 0 423.7677 423.7677 
0 0 0 0 978.73444 0 0 0 0 0 
202.2282 202.2282 0 0 0 202.2282 0 0 202.2282 202.2282 
0 0 407.79788 0 0 0 407.79788 407.79788 0 0 
344.74112 344.74112 0 0 0 344.74112 0 0 344.74112 344.74112 
0 0 0 0 722.5431 0 0 0 0 0 
0 0 0 494.91464 0 0 0 0 0 0 
0 0 412.0582 0 0 0 412.0582 412.0582 0 0 
0 0 0 0 257.7346 0 0 0 0 0 
0 0 1043.3248 0 0 0 1043.3248 1043.3248 0 0 
0 0 300.3862 0 0 0 300.3862 300.3862 0 0 
0 0 0 306.7224 0 0 0 0 0 0 
0 0 0 197.42148 0 0 0 0 0 0 
0 0 0 0 127.73974 0 0 0 0 0 
214.39957 214.39957 0 0 0 214.39957 0 0 214.39957 214.39957 
0 0 753.3334 0 0 0 753.3334 753.3334 0 0 
0 0 0 0 300.87518 0 0 0 0 0 
0 0 164.39822 0 0 0 164.39822 164.39822 0 0 
0 0 473.65277 0 0 0 473.65277 473.65277 0 0 
253.9706 253.9706 0 0 0 253.9706 0 0 253.9706 253.9706 
125.45679 125.45679 0 0 0 125.45679 0 0 125.45679 125.45679 
0 0 66.926186 0 0 0 66.926186 66.926186 0 0 
0 0 0 0 821.85614 0 0 0 0 0 
0 0 0 243.74773 0 0 0 0 0 0 
139.88907 139.88907 0 0 0 139.88907 0 0 139.88907 139.88907 
0 0 884.4153 0 0 0 884.4153 884.4153 0 0 
0 0 0 0 507.05124 0 0 0 0 0 
0 0 0 574.9496 0 0 0 0 0 0 
740.9219 740.9219 0 0 0 740.9219 0 0 740.9219 740.9219 
0 0 487.10904 0 0 0 487.10904 487.10904 0 0 
0 0 0 398.6254 0 0 0 0 0 0 
0 0 0 214.36508 0 0 0 0 0 0 
0 0 0 398.84988 0 0 0 0 0 0 
0 0 0 408.1553 0 0 0 0 0 0 
555.75146 555.75146 0 0 0 555.75146 0 0 555.75146 555.75146 
0 0 0 0 1015.5346 0 0 0 0 0 
0 0 787.7736 0 0 0 787.7736 787.7736 0 0 
830.4498 830.4498 0 0 0 830.4498 0 0 830.4498 830.4498 
0 0 423.98483 0 0 0 423.98483 423.98483 0 0 
0 0 241.05574 0 0 0 241.05574 241.05574 0 0 
0 0 0 347.70157 0 0 0 0 0 0 
0 0 321.39008 0 0 0 321.39008 321.39008 0 0 
0 0 0 0 424.73163 0 0 0 0 0 
0 0 0 0 171.2817 0 0 0 0 0 
0 0 0 203.22813 0 0 0 0 0 0 
232.79298 232.79298 0 0 0 232.79298 0 0 232.79298 232.79298 
0 0 876.7668 0 0 0 876.7668 876.7668 0 0 
0 0 194.53796 0 0 0 194.53796 194.53796 0 0 
0 0 0 0 93.35415 0 0 0 0 0 
0 0 0 0 381.82385 0 0 0 0 0 
310.15955 310.15955 0 0 0 310.15955 0 0 310.15955 310.15955 
0 0 0 242.8311 0 0 0 0 0 0 
0 0 0 520.1267 0 0 0 0 0 0 
0 0 624.1505 0 0 0 624.1505 624.1505 0 0 
0 0 357.9767 0 0 0 357.9767 357.9767 0 0 
0 0 225.43864 0 0 0 225.43864 225.43864 0 0 
0 0 0 339.64615 0 0 0 0 0 0 
470.90674 470.90674 0 0 0 470.90674 0 0 470.90674 470.90674 
0 0 0 166.03365 0 0 0 0 0 0 
531.56525 531.56525 0 0 0 531.56525 0 0 531.56525 531.56525 
0 0 255.53705 0 0 0 255.53705 255.53705 0 0 
0 0 0 291.1437 0 0 0 0 0 0 
0 0 0 0 464.4698 0 0 0 0 0 
0 0 341.43784 0 0 0 341.43784 341.43784 0 0 
0 0 0 517.2786 0 0 0 0 0 0 
0 0 0 0 423.56924 0 0 0 0 0 
0 0 0 0 556.7144 0 0 0 0 0 
379.4904 379.4904 0 0 0 379.4904 0 0 379.4904 379.4904 
0 0 221.02301 0 0 0 221.02301 221.02301 0 0 
0 0 0 282.96158 0 0 0 0 0 0 
157.19626 157.19626 0 0 0 157.19626 0 0 157.19626 157.19626 
0 0 348.28247 0 0 0 348.28247 348.28247 0 0 
0 0 0 0 351.70892 0 0 0 0 0 
0 0 0 775.701 0 0 0 0 0 0 
0 0 0 895.6963 0 0 0 0 0 0 
0 0 0 0 271.3697 0 0 0 0 0 
0 0 403.19482 0 0 0 403.19482 403.19482 0 0 
510.70322 510.70322 0 0 0 510.70322 0 0 510.70322 510.70322 
0 0 464.35632 0 0 0 464.35632 464.35632 0 0 
0 0 0 258.45966 0 0 0 0 0 0 
362.4922 362.4922 0 0 0 362.4922 0 0 362.4922 362.4922 
0 0 0 566.3886 0 0 0 0 0 0 
0 0 0 364.80453 0 0 0 0 0 0 
237.46991 237.46991 0 0 0 237.46991 0 0 237.46991 237.46991 
0 0 210.94038 0 0 0 210.94038 210.94038 0 0 
0 0 315.72208 0 0 0 315.72208 315.72208 0 0 
0 0 0 0 673.5203 0 0 0 0 0 
0 0 0 0 475.16837 0 0 0 0 0 
0 0 0 0 25.095757 0 0 0 0 0 
0 0 433.11578 0 0 0 433.11578 433.11578 0 0 
0 0 0 0 424.99042 0 0 0 0 0 
0 0 487.73608 0 0 0 487.73608 487.73608 0 0 
0 0 357.24744 0 0 0 357.24744 357.24744 0 0 
0 0 189.94966 0 0 0 189.94966 189.94966 0 0 
0 0 189.07848 0 0 0 189.07848 189.07848 0 0 
0 0 824.86395 0 0 0 824.86395 824.86395 0 0 
0 0 495.52792 0 0 0 495.52792 495.52792 0 0 
0 0 0 831.1095 0 0 0 0 0 0 
0 0 329.434 0 0 0 329.434 329.434 0 0 
0 0 0 380.51062 0 0 0 0 0 0 
426.46323 426.46323 0 0 0 426.46323 0 0 426.46323 426.46323 
926.99976 926.99976 0 0 0 926.99976 0 0 926.99976 926.99976 
0 0 0 706.4073 0 0 0 0 0 0 
0 0 123.32171 0 0 0 123.32171 123.32171 0 0 
132.58528 132.58528 0 0 0 132.58528 0 0 132.58528 132.58528 
0 0 0 0 211.86362 0 0 0 0 0 
990.44 990.44 0 0 0 990.44 0 0 990.44 990.44 
502.08954 502.08954 0 0 0 502.08954 0 0 502.08954 502.08954 
410.10995 410.10995 0 0 0 410.10995 0 0 410.10995 410.10995 
614.4272 614.4272 0 0 0 614.4272 0 0 614.4272 614.4272 
0 0 780.62604 0 0 0 780.62604 780.62604 0 0 
0 0 289.65182 0 0 0 289.65182 289.65182 0 0 
0 0 319.9662 0 0 0 319.9662 319.9662 0 0 
0 0 28.222054 0 0 0 28.222054 28.222054 0 0 
255.3128 255.3128 0 0 0 255.3128 0 0 255.3128 255.3128 
0 0 233.45905 0 0 0 233.45905 233.45905 0 0 
371.75842 371.75842 0 0 0 371.75842 0 0 371.75842 371.75842 
0 0 303.56796 0 0 0 303.56796 303.56796 0 0 
0 0 0 353.95187 0 0 0 0 0 0 
0 0 0 0 566.2534 0 0 0 0 0 
0 0 291.06915 0 0 0 291.06915 291.06915 0 0 
0 0 0 527.1686 0 0 0 0 0 0 
0 0 0 675.21405 0 0 0 0 0 0 
0 0 0 0 637.96655 0 0 0 0 0 
0 0 361.86188 0 0 0 361.86188 361.86188 0 0 
0 0 0 230.26599 0 0 0 0 0 0 
0 0 292.73392 0 0 0 292.73392 292.73392 0 0 
654.9718 654.9718 0 0 0 654.9718 0 0 654.9718 654.9718 
301.4103 301.4103 0 0 0 301.4103 0 0 301.4103 301.4103 
0 0 0 320.1709 0 0 0 0 0 0 
753.51886 753.51886 0 0 0 753.51886 0 0 753.51886 753.51886 
0 0 0 0 125.43904 0 0 0 0 0 
545.5184 545.5184 0 0 0 545.5184 0 0 545.5184 545.5184 
0 0 0 332.66156 0 0 0 0 0 0 
0 0 0 219.61798 0 0 0 0 0 0 
0 0 0 0 532.1669 0 0 0 0 0 
0 0 0 404.99503 0 0 0 0 0 0 
0 0 0 0 711.7343 0 0 0 0 0 
0 0 0 478.787 0 0 0 0 0 0 
0 0 537.2388 0 0 0 537.2388 537.2388 0 0 
0 0 0 200.62495 0 0 0 0 0 0 
0 0 0 0 721.2357 0 0 0 0 0 
205.2283 205.2283 0 0 0 205.2283 0 0 205.2283 205.2283 
443.37088 443.37088 0 0 0 443.37088 0 0 443.37088 443.37088 
247.25064 247.25064 0 0 0 247.25064 0 0 247.25064 247.25064 
0 0 0 527.90814 0 0 0 0 0 0 
0 0 0 163.04369 0 0 0 0 0 0 
0 0 0 66.62833 0 0 0 0 0 0 
435.47043 435.47043 0 0 0 435.47043 0 0 435.47043 435.47043 
0 0 0 75.25702 0 0 0 0 0 0 
0 0 0 0 385.45615 0 0 0 0 0 
373.34695 373.34695 0 0 0 373.34695 0 0 373.34695 373.34695 
558.94 558.94 0 0 0 558.94 0 0 558.94 558.94 
