450 20
8 1 3 3 12 5 4 2 4 12 5 10 2 6 7 1 4 9 7 1 
16 3 7 6 24 14 11 4 11 24 14 21 7 13 14 4 9 24 14 3 
0.87 0.45 0.64 0.78 0.51 0.12 0.61 0.87 0.95 0.41 0.80 0.67 0.03 0.40 0.64 0.90 0.94 0.52 0.23 0.56 
3 0 1 1 4 2 1 0 1 4 2 4 0 2 2 0 1 3 2 0 
1.00 1.00 1.00 1.00 1.00 0.15 1.00 1.00 1.00 0.87 0.98 1.00 0.11 0.42 1.00 1.00 1.00 0.94 0.24 1.00 
1 0 0 0 2 1 0 0 0 2 1 2 0 1 1 0 0 1 1 0 
4.92 0 0 0 0 0 0 0 0 0 0 0 0 0 0 4.92 0 0 0 0 
0 0 2.37 2.37 0 2.37 2.37 2.37 0 2.37 2.37 2.37 0 2.37 0 0 2.37 2.37 0 0 
0 0 0 0 2.95 0 0 0 0 0 0 0 0 0 2.95 0 0 0 0 2.95 
0 0 2.05 2.05 0 2.05 2.05 2.05 0 2.05 2.05 2.05 0 2.05 0 0 2.05 2.05 0 0 
0 0 3.92 3.92 0 3.92 3.92 3.92 0 3.92 3.92 3.92 0 3.92 0 0 3.92 3.92 0 0 
0 0 1.51 1.51 0 1.51 1.51 1.51 0 1.51 1.51 1.51 0 1.51 0 0 1.51 1.51 0 0 
0 0 0 0 4.92 0 0 0 0 0 0 0 0 0 4.92 0 0 0 0 4.92 
3.32 0 0 0 0 0 0 0 0 0 0 0 0 0 0 3.32 0 0 0 0 
0 0 0 0 3.01 0 0 0 0 0 0 0 0 0 3.01 0 0 0 0 3.01 
0 0 4.11 4.11 0 4.11 4.11 4.11 0 4.11 4.11 4.11 0 4.11 0 0 4.11 4.11 0 0 
0 5.10 0 0 0 0 0 0 5.10 0 0 0 5.10 0 0 0 0 0 5.10 0 
5.55 0 0 0 0 0 0 0 0 0 0 0 0 0 0 5.55 0 0 0 0 
0 0 3.35 3.35 0 3.35 3.35 3.35 0 3.35 3.35 3.35 0 3.35 0 0 3.35 3.35 0 0 
1.93 0 0 0 0 0 0 0 0 0 0 0 0 0 0 1.93 0 0 0 0 
0 0 2.83 2.83 0 2.83 2.83 2.83 0 2.83 2.83 2.83 0 2.83 0 0 2.83 2.83 0 0 
0 0 4.35 4.35 0 4.35 4.35 4.35 0 4.35 4.35 4.35 0 4.35 0 0 4.35 4.35 0 0 
3.16 0 0 0 0 0 0 0 0 0 0 0 0 0 0 3.16 0 0 0 0 
3.22 0 0 0 0 0 0 0 0 0 0 0 0 0 0 3.22 0 0 0 0 
0 0 0 0 3.42 0 0 0 0 0 0 0 0 0 3.42 0 0 0 0 3.42 
0 0 1.67 1.67 0 1.67 1.67 1.67 0 1.67 1.67 1.67 0 1.67 0 0 1.67 1.67 0 0 
0 4.79 0 0 0 0 0 0 4.79 0 0 0 4.79 0 0 0 0 0 4.79 0 
4.07 0 0 0 0 0 0 0 0 0 0 0 0 0 0 4.07 0 0 0 0 
0 3.45 0 0 0 0 0 0 3.45 0 0 0 3.45 0 0 0 0 0 3.45 0 
0 5.54 0 0 0 0 0 0 5.54 0 0 0 5.54 0 0 0 0 0 5.54 0 
3.20 0 0 0 0 0 0 0 0 0 0 0 0 0 0 3.20 0 0 0 0 
0 0 3.24 3.24 0 3.24 3.24 3.24 0 3.24 3.24 3.24 0 3.24 0 0 3.24 3.24 0 0 
0 0 0 0 2.82 0 0 0 0 0 0 0 0 0 2.82 0 0 0 0 2.82 
4.72 0 0 0 0 0 0 0 0 0 0 0 0 0 0 4.72 0 0 0 0 
0 0 0 0 5.06 0 0 0 0 0 0 0 0 0 5.06 0 0 0 0 5.06 
0 1.56 0 0 0 0 0 0 1.56 0 0 0 1.56 0 0 0 0 0 1.56 0 
0 0 0 0 4.65 0 0 0 0 0 0 0 0 0 4.65 0 0 0 0 4.65 
0 0 5.66 5.66 0 5.66 5.66 5.66 0 5.66 5.66 5.66 0 5.66 0 0 5.66 5.66 0 0 
2.45 0 0 0 0 0 0 0 0 0 0 0 0 0 0 2.45 0 0 0 0 
2.30 0 0 0 0 0 0 0 0 0 0 0 0 0 0 2.30 0 0 0 0 
0 2.23 0 0 0 0 0 0 2.23 0 0 0 2.23 0 0 0 0 0 2.23 0 
0 0 0 0 5.44 0 0 0 0 0 0 0 0 0 5.44 0 0 0 0 5.44 
0 0 0 0 2.67 0 0 0 0 0 0 0 0 0 2.67 0 0 0 0 2.67 
0 0 2.18 2.18 0 2.18 2.18 2.18 0 2.18 2.18 2.18 0 2.18 0 0 2.18 2.18 0 0 
0 0 4.36 4.36 0 4.36 4.36 4.36 0 4.36 4.36 4.36 0 4.36 0 0 4.36 4.36 0 0 
0 0 0 0 5.66 0 0 0 0 0 0 0 0 0 5.66 0 0 0 0 5.66 
3.83 0 0 0 0 0 0 0 0 0 0 0 0 0 0 3.83 0 0 0 0 
3.13 0 0 0 0 0 0 0 0 0 0 0 0 0 0 3.13 0 0 0 0 
0 0 1.12 1.12 0 1.12 1.12 1.12 0 1.12 1.12 1.12 0 1.12 0 0 1.12 1.12 0 0 
0 3.45 0 0 0 0 0 0 3.45 0 0 0 3.45 0 0 0 0 0 3.45 0 
0 5.58 0 0 0 0 0 0 5.58 0 0 0 5.58 0 0 0 0 0 5.58 0 
0 3.72 0 0 0 0 0 0 3.72 0 0 0 3.72 0 0 0 0 0 3.72 0 
0 0 2.26 2.26 0 2.26 2.26 2.26 0 2.26 2.26 2.26 0 2.26 0 0 2.26 2.26 0 0 
0 0 2.78 2.78 0 2.78 2.78 2.78 0 2.78 2.78 2.78 0 2.78 0 0 2.78 2.78 0 0 
0 5.60 0 0 0 0 0 0 5.60 0 0 0 5.60 0 0 0 0 0 5.60 0 
0 0 4.85 4.85 0 4.85 4.85 4.85 0 4.85 4.85 4.85 0 4.85 0 0 4.85 4.85 0 0 
3.92 0 0 0 0 0 0 0 0 0 0 0 0 0 0 3.92 0 0 0 0 
0 0 5.72 5.72 0 5.72 5.72 5.72 0 5.72 5.72 5.72 0 5.72 0 0 5.72 5.72 0 0 
5.19 0 0 0 0 0 0 0 0 0 0 0 0 0 0 5.19 0 0 0 0 
0 0 0 0 3.30 0 0 0 0 0 0 0 0 0 3.30 0 0 0 0 3.30 
2.13 0 0 0 0 0 0 0 0 0 0 0 0 0 0 2.13 0 0 0 0 
0 5.17 0 0 0 0 0 0 5.17 0 0 0 5.17 0 0 0 0 0 5.17 0 
5.91 0 0 0 0 0 0 0 0 0 0 0 0 0 0 5.91 0 0 0 0 
0 0 0 0 2.97 0 0 0 0 0 0 0 0 0 2.97 0 0 0 0 2.97 
0 3.25 0 0 0 0 0 0 3.25 0 0 0 3.25 0 0 0 0 0 3.25 0 
0 0 3.08 3.08 0 3.08 3.08 3.08 0 3.08 3.08 3.08 0 3.08 0 0 3.08 3.08 0 0 
5.17 0 0 0 0 0 0 0 0 0 0 0 0 0 0 5.17 0 0 0 0 
0 0 0 0 2.57 0 0 0 0 0 0 0 0 0 2.57 0 0 0 0 2.57 
0 0 0 0 1.61 0 0 0 0 0 0 0 0 0 1.61 0 0 0 0 1.61 
4.72 0 0 0 0 0 0 0 0 0 0 0 0 0 0 4.72 0 0 0 0 
0 4.81 0 0 0 0 0 0 4.81 0 0 0 4.81 0 0 0 0 0 4.81 0 
5.61 0 0 0 0 0 0 0 0 0 0 0 0 0 0 5.61 0 0 0 0 
4.50 0 0 0 0 0 0 0 0 0 0 0 0 0 0 4.50 0 0 0 0 
0 2.78 0 0 0 0 0 0 2.78 0 0 0 2.78 0 0 0 0 0 2.78 0 
0 0 0 0 5.59 0 0 0 0 0 0 0 0 0 5.59 0 0 0 0 5.59 
0 0 0 0 2.18 0 0 0 0 0 0 0 0 0 2.18 0 0 0 0 2.18 
0 0 0 0 2.43 0 0 0 0 0 0 0 0 0 2.43 0 0 0 0 2.43 
0 1.74 0 0 0 0 0 0 1.74 0 0 0 1.74 0 0 0 0 0 1.74 0 
0 4.54 0 0 0 0 0 0 4.54 0 0 0 4.54 0 0 0 0 0 4.54 0 
0 0 0 0 4.90 0 0 0 0 0 0 0 0 0 4.90 0 0 0 0 4.90 
0 0 0 0 5.22 0 0 0 0 0 0 0 0 0 5.22 0 0 0 0 5.22 
0 1.53 0 0 0 0 0 0 1.53 0 0 0 1.53 0 0 0 0 0 1.53 0 
0 3.59 0 0 0 0 0 0 3.59 0 0 0 3.59 0 0 0 0 0 3.59 0 
0 0 0 0 5.19 0 0 0 0 0 0 0 0 0 5.19 0 0 0 0 5.19 
0 0 5.23 5.23 0 5.23 5.23 5.23 0 5.23 5.23 5.23 0 5.23 0 0 5.23 5.23 0 0 
0 0 0 0 1.55 0 0 0 0 0 0 0 0 0 1.55 0 0 0 0 1.55 
0 0 5.03 5.03 0 5.03 5.03 5.03 0 5.03 5.03 5.03 0 5.03 0 0 5.03 5.03 0 0 
0 0 0 0 3.94 0 0 0 0 0 0 0 0 0 3.94 0 0 0 0 3.94 
0 0 4.29 4.29 0 4.29 4.29 4.29 0 4.29 4.29 4.29 0 4.29 0 0 4.29 4.29 0 0 
4.75 0 0 0 0 0 0 0 0 0 0 0 0 0 0 4.75 0 0 0 0 
3.33 0 0 0 0 0 0 0 0 0 0 0 0 0 0 3.33 0 0 0 0 
0 5.45 0 0 0 0 0 0 5.45 0 0 0 5.45 0 0 0 0 0 5.45 0 
4.60 0 0 0 0 0 0 0 0 0 0 0 0 0 0 4.60 0 0 0 0 
0 0 4.29 4.29 0 4.29 4.29 4.29 0 4.29 4.29 4.29 0 4.29 0 0 4.29 4.29 0 0 
0 0 3.03 3.03 0 3.03 3.03 3.03 0 3.03 3.03 3.03 0 3.03 0 0 3.03 3.03 0 0 
0 0 0 0 5.88 0 0 0 0 0 0 0 0 0 5.88 0 0 0 0 5.88 
1.92 0 0 0 0 0 0 0 0 0 0 0 0 0 0 1.92 0 0 0 0 
0 0 3.75 3.75 0 3.75 3.75 3.75 0 3.75 3.75 3.75 0 3.75 0 0 3.75 3.75 0 0 
4.15 0 0 0 0 0 0 0 0 0 0 0 0 0 0 4.15 0 0 0 0 
0 0 0 0 3.15 0 0 0 0 0 0 0 0 0 3.15 0 0 0 0 3.15 
0 0 5.88 5.88 0 5.88 5.88 5.88 0 5.88 5.88 5.88 0 5.88 0 0 5.88 5.88 0 0 
0 0 0 0 5.36 0 0 0 0 0 0 0 0 0 5.36 0 0 0 0 5.36 
0 0 4.37 4.37 0 4.37 4.37 4.37 0 4.37 4.37 4.37 0 4.37 0 0 4.37 4.37 0 0 
2.94 0 0 0 0 0 0 0 0 0 0 0 0 0 0 2.94 0 0 0 0 
0 2.89 0 0 0 0 0 0 2.89 0 0 0 2.89 0 0 0 0 0 2.89 0 
0 0 0 0 4.21 0 0 0 0 0 0 0 0 0 4.21 0 0 0 0 4.21 
0 0 0 0 2.13 0 0 0 0 0 0 0 0 0 2.13 0 0 0 0 2.13 
5.86 0 0 0 0 0 0 0 0 0 0 0 0 0 0 5.86 0 0 0 0 
0 0 1.96 1.96 0 1.96 1.96 1.96 0 1.96 1.96 1.96 0 1.96 0 0 1.96 1.96 0 0 
5.43 0 0 0 0 0 0 0 0 0 0 0 0 0 0 5.43 0 0 0 0 
0 0 0 0 5.12 0 0 0 0 0 0 0 0 0 5.12 0 0 0 0 5.12 
4.56 0 0 0 0 0 0 0 0 0 0 0 0 0 0 4.56 0 0 0 0 
0 0 1.61 1.61 0 1.61 1.61 1.61 0 1.61 1.61 1.61 0 1.61 0 0 1.61 1.61 0 0 
0 0 5.11 5.11 0 5.11 5.11 5.11 0 5.11 5.11 5.11 0 5.11 0 0 5.11 5.11 0 0 
1.42 0 0 0 0 0 0 0 0 0 0 0 0 0 0 1.42 0 0 0 0 
0 0 4.99 4.99 0 4.99 4.99 4.99 0 4.99 4.99 4.99 0 4.99 0 0 4.99 4.99 0 0 
0 4.10 0 0 0 0 0 0 4.10 0 0 0 4.10 0 0 0 0 0 4.10 0 
0 0 4.83 4.83 0 4.83 4.83 4.83 0 4.83 4.83 4.83 0 4.83 0 0 4.83 4.83 0 0 
0 0 0 0 3.80 0 0 0 0 0 0 0 0 0 3.80 0 0 0 0 3.80 
0 0 4.85 4.85 0 4.85 4.85 4.85 0 4.85 4.85 4.85 0 4.85 0 0 4.85 4.85 0 0 
0 3.85 0 0 0 0 0 0 3.85 0 0 0 3.85 0 0 0 0 0 3.85 0 
0 0 4.01 4.01 0 4.01 4.01 4.01 0 4.01 4.01 4.01 0 4.01 0 0 4.01 4.01 0 0 
0 0 3.10 3.10 0 3.10 3.10 3.10 0 3.10 3.10 3.10 0 3.10 0 0 3.10 3.10 0 0 
3.46 0 0 0 0 0 0 0 0 0 0 0 0 0 0 3.46 0 0 0 0 
0 0 2.40 2.40 0 2.40 2.40 2.40 0 2.40 2.40 2.40 0 2.40 0 0 2.40 2.40 0 0 
3.78 0 0 0 0 0 0 0 0 0 0 0 0 0 0 3.78 0 0 0 0 
2.84 0 0 0 0 0 0 0 0 0 0 0 0 0 0 2.84 0 0 0 0 
0 1.00 0 0 0 0 0 0 1.00 0 0 0 1.00 0 0 0 0 0 1.00 0 
0 0 1.37 1.37 0 1.37 1.37 1.37 0 1.37 1.37 1.37 0 1.37 0 0 1.37 1.37 0 0 
0 0 0 0 5.32 0 0 0 0 0 0 0 0 0 5.32 0 0 0 0 5.32 
0 0 0 0 5.37 0 0 0 0 0 0 0 0 0 5.37 0 0 0 0 5.37 
1.84 0 0 0 0 0 0 0 0 0 0 0 0 0 0 1.84 0 0 0 0 
0 0 2.55 2.55 0 2.55 2.55 2.55 0 2.55 2.55 2.55 0 2.55 0 0 2.55 2.55 0 0 
0 0 0 0 5.87 0 0 0 0 0 0 0 0 0 5.87 0 0 0 0 5.87 
3.85 0 0 0 0 0 0 0 0 0 0 0 0 0 0 3.85 0 0 0 0 
0 0 0 0 5.56 0 0 0 0 0 0 0 0 0 5.56 0 0 0 0 5.56 
0 0 1.57 1.57 0 1.57 1.57 1.57 0 1.57 1.57 1.57 0 1.57 0 0 1.57 1.57 0 0 
4.90 0 0 0 0 0 0 0 0 0 0 0 0 0 0 4.90 0 0 0 0 
0 0 0 0 5.40 0 0 0 0 0 0 0 0 0 5.40 0 0 0 0 5.40 
0 1.44 0 0 0 0 0 0 1.44 0 0 0 1.44 0 0 0 0 0 1.44 0 
0 0 1.91 1.91 0 1.91 1.91 1.91 0 1.91 1.91 1.91 0 1.91 0 0 1.91 1.91 0 0 
0 0 0 0 3.59 0 0 0 0 0 0 0 0 0 3.59 0 0 0 0 3.59 
0 2.59 0 0 0 0 0 0 2.59 0 0 0 2.59 0 0 0 0 0 2.59 0 
0 1.46 0 0 0 0 0 0 1.46 0 0 0 1.46 0 0 0 0 0 1.46 0 
1.09 0 0 0 0 0 0 0 0 0 0 0 0 0 0 1.09 0 0 0 0 
0 5.31 0 0 0 0 0 0 5.31 0 0 0 5.31 0 0 0 0 0 5.31 0 
0 4.14 0 0 0 0 0 0 4.14 0 0 0 4.14 0 0 0 0 0 4.14 0 
0 0 3.99 3.99 0 3.99 3.99 3.99 0 3.99 3.99 3.99 0 3.99 0 0 3.99 3.99 0 0 
0 0 0 0 4.23 0 0 0 0 0 0 0 0 0 4.23 0 0 0 0 4.23 
0 0 5.92 5.92 0 5.92 5.92 5.92 0 5.92 5.92 5.92 0 5.92 0 0 5.92 5.92 0 0 
0 0 5.58 5.58 0 5.58 5.58 5.58 0 5.58 5.58 5.58 0 5.58 0 0 5.58 5.58 0 0 
5.40 0 0 0 0 0 0 0 0 0 0 0 0 0 0 5.40 0 0 0 0 
0 2.91 0 0 0 0 0 0 2.91 0 0 0 2.91 0 0 0 0 0 2.91 0 
0 0 0 0 2.32 0 0 0 0 0 0 0 0 0 2.32 0 0 0 0 2.32 
0 0 1.84 1.84 0 1.84 1.84 1.84 0 1.84 1.84 1.84 0 1.84 0 0 1.84 1.84 0 0 
0 0 0 0 3.97 0 0 0 0 0 0 0 0 0 3.97 0 0 0 0 3.97 
0 3.31 0 0 0 0 0 0 3.31 0 0 0 3.31 0 0 0 0 0 3.31 0 
0 0 0 0 4.28 0 0 0 0 0 0 0 0 0 4.28 0 0 0 0 4.28 
0 0 1.73 1.73 0 1.73 1.73 1.73 0 1.73 1.73 1.73 0 1.73 0 0 1.73 1.73 0 0 
0 0 0 0 5.88 0 0 0 0 0 0 0 0 0 5.88 0 0 0 0 5.88 
0 3.34 0 0 0 0 0 0 3.34 0 0 0 3.34 0 0 0 0 0 3.34 0 
0 0 4.63 4.63 0 4.63 4.63 4.63 0 4.63 4.63 4.63 0 4.63 0 0 4.63 4.63 0 0 
0 3.15 0 0 0 0 0 0 3.15 0 0 0 3.15 0 0 0 0 0 3.15 0 
0 5.66 0 0 0 0 0 0 5.66 0 0 0 5.66 0 0 0 0 0 5.66 0 
0 0 0 0 2.47 0 0 0 0 0 0 0 0 0 2.47 0 0 0 0 2.47 
0 4.33 0 0 0 0 0 0 4.33 0 0 0 4.33 0 0 0 0 0 4.33 0 
0 3.53 0 0 0 0 0 0 3.53 0 0 0 3.53 0 0 0 0 0 3.53 0 
0 0 0 0 3.95 0 0 0 0 0 0 0 0 0 3.95 0 0 0 0 3.95 
1.02 0 0 0 0 0 0 0 0 0 0 0 0 0 0 1.02 0 0 0 0 
0 4.96 0 0 0 0 0 0 4.96 0 0 0 4.96 0 0 0 0 0 4.96 0 
0 0 2.07 2.07 0 2.07 2.07 2.07 0 2.07 2.07 2.07 0 2.07 0 0 2.07 2.07 0 0 
0 0 0 0 3.55 0 0 0 0 0 0 0 0 0 3.55 0 0 0 0 3.55 
0 0 2.90 2.90 0 2.90 2.90 2.90 0 2.90 2.90 2.90 0 2.90 0 0 2.90 2.90 0 0 
0 0 0 0 2.36 0 0 0 0 0 0 0 0 0 2.36 0 0 0 0 2.36 
0 0 3.49 3.49 0 3.49 3.49 3.49 0 3.49 3.49 3.49 0 3.49 0 0 3.49 3.49 0 0 
0 0 5.58 5.58 0 5.58 5.58 5.58 0 5.58 5.58 5.58 0 5.58 0 0 5.58 5.58 0 0 
0 0 1.73 1.73 0 1.73 1.73 1.73 0 1.73 1.73 1.73 0 1.73 0 0 1.73 1.73 0 0 
0 1.79 0 0 0 0 0 0 1.79 0 0 0 1.79 0 0 0 0 0 1.79 0 
0 0 0 0 2.99 0 0 0 0 0 0 0 0 0 2.99 0 0 0 0 2.99 
0 0 0 0 5.61 0 0 0 0 0 0 0 0 0 5.61 0 0 0 0 5.61 
0 4.84 0 0 0 0 0 0 4.84 0 0 0 4.84 0 0 0 0 0 4.84 0 
0 0 1.38 1.38 0 1.38 1.38 1.38 0 1.38 1.38 1.38 0 1.38 0 0 1.38 1.38 0 0 
0 0 3.09 3.09 0 3.09 3.09 3.09 0 3.09 3.09 3.09 0 3.09 0 0 3.09 3.09 0 0 
0 0 1.18 1.18 0 1.18 1.18 1.18 0 1.18 1.18 1.18 0 1.18 0 0 1.18 1.18 0 0 
0 0 0 0 3.79 0 0 0 0 0 0 0 0 0 3.79 0 0 0 0 3.79 
0 2.58 0 0 0 0 0 0 2.58 0 0 0 2.58 0 0 0 0 0 2.58 0 
0 0 5.77 5.77 0 5.77 5.77 5.77 0 5.77 5.77 5.77 0 5.77 0 0 5.77 5.77 0 0 
0 5.52 0 0 0 0 0 0 5.52 0 0 0 5.52 0 0 0 0 0 5.52 0 
0 0 0 0 2.44 0 0 0 0 0 0 0 0 0 2.44 0 0 0 0 2.44 
0 3.12 0 0 0 0 0 0 3.12 0 0 0 3.12 0 0 0 0 0 3.12 0 
0 0 0 0 2.34 0 0 0 0 0 0 0 0 0 2.34 0 0 0 0 2.34 
0 0 0 0 3.60 0 0 0 0 0 0 0 0 0 3.60 0 0 0 0 3.60 
5.18 0 0 0 0 0 0 0 0 0 0 0 0 0 0 5.18 0 0 0 0 
0 0 5.15 5.15 0 5.15 5.15 5.15 0 5.15 5.15 5.15 0 5.15 0 0 5.15 5.15 0 0 
0 3.51 0 0 0 0 0 0 3.51 0 0 0 3.51 0 0 0 0 0 3.51 0 
0 0 1.04 1.04 0 1.04 1.04 1.04 0 1.04 1.04 1.04 0 1.04 0 0 1.04 1.04 0 0 
3.73 0 0 0 0 0 0 0 0 0 0 0 0 0 0 3.73 0 0 0 0 
0 0 3.40 3.40 0 3.40 3.40 3.40 0 3.40 3.40 3.40 0 3.40 0 0 3.40 3.40 0 0 
0 4.63 0 0 0 0 0 0 4.63 0 0 0 4.63 0 0 0 0 0 4.63 0 
0 0 0 0 2.65 0 0 0 0 0 0 0 0 0 2.65 0 0 0 0 2.65 
0 4.68 0 0 0 0 0 0 4.68 0 0 0 4.68 0 0 0 0 0 4.68 0 
0 5.56 0 0 0 0 0 0 5.56 0 0 0 5.56 0 0 0 0 0 5.56 0 
0 3.37 0 0 0 0 0 0 3.37 0 0 0 3.37 0 0 0 0 0 3.37 0 
1.97 0 0 0 0 0 0 0 0 0 0 0 0 0 0 1.97 0 0 0 0 
0 0 3.91 3.91 0 3.91 3.91 3.91 0 3.91 3.91 3.91 0 3.91 0 0 3.91 3.91 0 0 
0 0 4.79 4.79 0 4.79 4.79 4.79 0 4.79 4.79 4.79 0 4.79 0 0 4.79 4.79 0 0 
0 2.62 0 0 0 0 0 0 2.62 0 0 0 2.62 0 0 0 0 0 2.62 0 
0 5.18 0 0 0 0 0 0 5.18 0 0 0 5.18 0 0 0 0 0 5.18 0 
0 0 0 0 5.76 0 0 0 0 0 0 0 0 0 5.76 0 0 0 0 5.76 
0 0 1.74 1.74 0 1.74 1.74 1.74 0 1.74 1.74 1.74 0 1.74 0 0 1.74 1.74 0 0 
1.77 0 0 0 0 0 0 0 0 0 0 0 0 0 0 1.77 0 0 0 0 
0 0 0 0 2.32 0 0 0 0 0 0 0 0 0 2.32 0 0 0 0 2.32 
0 1.03 0 0 0 0 0 0 1.03 0 0 0 1.03 0 0 0 0 0 1.03 0 
0 1.46 0 0 0 0 0 0 1.46 0 0 0 1.46 0 0 0 0 0 1.46 0 
2.19 0 0 0 0 0 0 0 0 0 0 0 0 0 0 2.19 0 0 0 0 
5.97 0 0 0 0 0 0 0 0 0 0 0 0 0 0 5.97 0 0 0 0 
0 3.03 0 0 0 0 0 0 3.03 0 0 0 3.03 0 0 0 0 0 3.03 0 
3.63 0 0 0 0 0 0 0 0 0 0 0 0 0 0 3.63 0 0 0 0 
1.72 0 0 0 0 0 0 0 0 0 0 0 0 0 0 1.72 0 0 0 0 
0 0 0 0 2.86 0 0 0 0 0 0 0 0 0 2.86 0 0 0 0 2.86 
0 0 0 0 4.67 0 0 0 0 0 0 0 0 0 4.67 0 0 0 0 4.67 
0 0 0 0 2.51 0 0 0 0 0 0 0 0 0 2.51 0 0 0 0 2.51 
0 2.83 0 0 0 0 0 0 2.83 0 0 0 2.83 0 0 0 0 0 2.83 0 
0 0 0 0 1.05 0 0 0 0 0 0 0 0 0 1.05 0 0 0 0 1.05 
0 0 2.33 2.33 0 2.33 2.33 2.33 0 2.33 2.33 2.33 0 2.33 0 0 2.33 2.33 0 0 
0 0 0 0 1.60 0 0 0 0 0 0 0 0 0 1.60 0 0 0 0 1.60 
0 0 1.16 1.16 0 1.16 1.16 1.16 0 1.16 1.16 1.16 0 1.16 0 0 1.16 1.16 0 0 
5.99 0 0 0 0 0 0 0 0 0 0 0 0 0 0 5.99 0 0 0 0 
0 0 0 0 4.30 0 0 0 0 0 0 0 0 0 4.30 0 0 0 0 4.30 
1.30 0 0 0 0 0 0 0 0 0 0 0 0 0 0 1.30 0 0 0 0 
3.95 0 0 0 0 0 0 0 0 0 0 0 0 0 0 3.95 0 0 0 0 
0 0 0 0 1.36 0 0 0 0 0 0 0 0 0 1.36 0 0 0 0 1.36 
0 0 0 0 1.81 0 0 0 0 0 0 0 0 0 1.81 0 0 0 0 1.81 
0 0 1.43 1.43 0 1.43 1.43 1.43 0 1.43 1.43 1.43 0 1.43 0 0 1.43 1.43 0 0 
2.42 0 0 0 0 0 0 0 0 0 0 0 0 0 0 2.42 0 0 0 0 
0 0 1.59 1.59 0 1.59 1.59 1.59 0 1.59 1.59 1.59 0 1.59 0 0 1.59 1.59 0 0 
5.36 0 0 0 0 0 0 0 0 0 0 0 0 0 0 5.36 0 0 0 0 
0 0 0 0 4.64 0 0 0 0 0 0 0 0 0 4.64 0 0 0 0 4.64 
2.97 0 0 0 0 0 0 0 0 0 0 0 0 0 0 2.97 0 0 0 0 
0 0 5.71 5.71 0 5.71 5.71 5.71 0 5.71 5.71 5.71 0 5.71 0 0 5.71 5.71 0 0 
0 0 2.76 2.76 0 2.76 2.76 2.76 0 2.76 2.76 2.76 0 2.76 0 0 2.76 2.76 0 0 
0 5.12 0 0 0 0 0 0 5.12 0 0 0 5.12 0 0 0 0 0 5.12 0 
0 0 4.41 4.41 0 4.41 4.41 4.41 0 4.41 4.41 4.41 0 4.41 0 0 4.41 4.41 0 0 
0 0 0 0 3.53 0 0 0 0 0 0 0 0 0 3.53 0 0 0 0 3.53 
0 0 2.15 2.15 0 2.15 2.15 2.15 0 2.15 2.15 2.15 0 2.15 0 0 2.15 2.15 0 0 
0 0 1.70 1.70 0 1.70 1.70 1.70 0 1.70 1.70 1.70 0 1.70 0 0 1.70 1.70 0 0 
0 2.14 0 0 0 0 0 0 2.14 0 0 0 2.14 0 0 0 0 0 2.14 0 
3.48 0 0 0 0 0 0 0 0 0 0 0 0 0 0 3.48 0 0 0 0 
0 0 4.87 4.87 0 4.87 4.87 4.87 0 4.87 4.87 4.87 0 4.87 0 0 4.87 4.87 0 0 
0 0 0 0 3.26 0 0 0 0 0 0 0 0 0 3.26 0 0 0 0 3.26 
0 0 5.01 5.01 0 5.01 5.01 5.01 0 5.01 5.01 5.01 0 5.01 0 0 5.01 5.01 0 0 
0 0 2.64 2.64 0 2.64 2.64 2.64 0 2.64 2.64 2.64 0 2.64 0 0 2.64 2.64 0 0 
0 3.26 0 0 0 0 0 0 3.26 0 0 0 3.26 0 0 0 0 0 3.26 0 
0 4.02 0 0 0 0 0 0 4.02 0 0 0 4.02 0 0 0 0 0 4.02 0 
2.57 0 0 0 0 0 0 0 0 0 0 0 0 0 0 2.57 0 0 0 0 
0 0 0 0 3.53 0 0 0 0 0 0 0 0 0 3.53 0 0 0 0 3.53 
0 2.10 0 0 0 0 0 0 2.10 0 0 0 2.10 0 0 0 0 0 2.10 0 
0 0 0 0 5.82 0 0 0 0 0 0 0 0 0 5.82 0 0 0 0 5.82 
0 0 2.75 2.75 0 2.75 2.75 2.75 0 2.75 2.75 2.75 0 2.75 0 0 2.75 2.75 0 0 
0 3.55 0 0 0 0 0 0 3.55 0 0 0 3.55 0 0 0 0 0 3.55 0 
0 0 1.05 1.05 0 1.05 1.05 1.05 0 1.05 1.05 1.05 0 1.05 0 0 1.05 1.05 0 0 
0 0 4.12 4.12 0 4.12 4.12 4.12 0 4.12 4.12 4.12 0 4.12 0 0 4.12 4.12 0 0 
0 0 4.81 4.81 0 4.81 4.81 4.81 0 4.81 4.81 4.81 0 4.81 0 0 4.81 4.81 0 0 
0 0 0 0 2.29 0 0 0 0 0 0 0 0 0 2.29 0 0 0 0 2.29 
0 1.58 0 0 0 0 0 0 1.58 0 0 0 1.58 0 0 0 0 0 1.58 0 
4.52 0 0 0 0 0 0 0 0 0 0 0 0 0 0 4.52 0 0 0 0 
2.81 0 0 0 0 0 0 0 0 0 0 0 0 0 0 2.81 0 0 0 0 
0 0 0 0 3.76 0 0 0 0 0 0 0 0 0 3.76 0 0 0 0 3.76 
0 0 3.33 3.33 0 3.33 3.33 3.33 0 3.33 3.33 3.33 0 3.33 0 0 3.33 3.33 0 0 
0 0 0 0 1.48 0 0 0 0 0 0 0 0 0 1.48 0 0 0 0 1.48 
1.93 0 0 0 0 0 0 0 0 0 0 0 0 0 0 1.93 0 0 0 0 
0 0 0 0 4.97 0 0 0 0 0 0 0 0 0 4.97 0 0 0 0 4.97 
0 4.09 0 0 0 0 0 0 4.09 0 0 0 4.09 0 0 0 0 0 4.09 0 
0 0 0 0 1.16 0 0 0 0 0 0 0 0 0 1.16 0 0 0 0 1.16 
0 0 0 0 3.91 0 0 0 0 0 0 0 0 0 3.91 0 0 0 0 3.91 
0 4.62 0 0 0 0 0 0 4.62 0 0 0 4.62 0 0 0 0 0 4.62 0 
0 0 1.36 1.36 0 1.36 1.36 1.36 0 1.36 1.36 1.36 0 1.36 0 0 1.36 1.36 0 0 
0 0 5.85 5.85 0 5.85 5.85 5.85 0 5.85 5.85 5.85 0 5.85 0 0 5.85 5.85 0 0 
0 0 0 0 2.08 0 0 0 0 0 0 0 0 0 2.08 0 0 0 0 2.08 
0 0 5.31 5.31 0 5.31 5.31 5.31 0 5.31 5.31 5.31 0 5.31 0 0 5.31 5.31 0 0 
1.00 0 0 0 0 0 0 0 0 0 0 0 0 0 0 1.00 0 0 0 0 
0 2.53 0 0 0 0 0 0 2.53 0 0 0 2.53 0 0 0 0 0 2.53 0 
0 0 3.67 3.67 0 3.67 3.67 3.67 0 3.67 3.67 3.67 0 3.67 0 0 3.67 3.67 0 0 
5.24 0 0 0 0 0 0 0 0 0 0 0 0 0 0 5.24 0 0 0 0 
0 0 0 0 4.74 0 0 0 0 0 0 0 0 0 4.74 0 0 0 0 4.74 
4.29 0 0 0 0 0 0 0 0 0 0 0 0 0 0 4.29 0 0 0 0 
0 0 3.89 3.89 0 3.89 3.89 3.89 0 3.89 3.89 3.89 0 3.89 0 0 3.89 3.89 0 0 
0 0 0 0 5.46 0 0 0 0 0 0 0 0 0 5.46 0 0 0 0 5.46 
3.78 0 0 0 0 0 0 0 0 0 0 0 0 0 0 3.78 0 0 0 0 
0 3.85 0 0 0 0 0 0 3.85 0 0 0 3.85 0 0 0 0 0 3.85 0 
0 1.37 0 0 0 0 0 0 1.37 0 0 0 1.37 0 0 0 0 0 1.37 0 
0 0 1.52 1.52 0 1.52 1.52 1.52 0 1.52 1.52 1.52 0 1.52 0 0 1.52 1.52 0 0 
0 0 0 0 4.88 0 0 0 0 0 0 0 0 0 4.88 0 0 0 0 4.88 
0 4.32 0 0 0 0 0 0 4.32 0 0 0 4.32 0 0 0 0 0 4.32 0 
4.17 0 0 0 0 0 0 0 0 0 0 0 0 0 0 4.17 0 0 0 0 
0 0 3.76 3.76 0 3.76 3.76 3.76 0 3.76 3.76 3.76 0 3.76 0 0 3.76 3.76 0 0 
3.43 0 0 0 0 0 0 0 0 0 0 0 0 0 0 3.43 0 0 0 0 
0 3.90 0 0 0 0 0 0 3.90 0 0 0 3.90 0 0 0 0 0 3.90 0 
0 3.35 0 0 0 0 0 0 3.35 0 0 0 3.35 0 0 0 0 0 3.35 0 
3.70 0 0 0 0 0 0 0 0 0 0 0 0 0 0 3.70 0 0 0 0 
0 0 5.09 5.09 0 5.09 5.09 5.09 0 5.09 5.09 5.09 0 5.09 0 0 5.09 5.09 0 0 
1.99 0 0 0 0 0 0 0 0 0 0 0 0 0 0 1.99 0 0 0 0 
0 0 3.81 3.81 0 3.81 3.81 3.81 0 3.81 3.81 3.81 0 3.81 0 0 3.81 3.81 0 0 
0 0 4.52 4.52 0 4.52 4.52 4.52 0 4.52 4.52 4.52 0 4.52 0 0 4.52 4.52 0 0 
0 0 3.51 3.51 0 3.51 3.51 3.51 0 3.51 3.51 3.51 0 3.51 0 0 3.51 3.51 0 0 
0 0 1.09 1.09 0 1.09 1.09 1.09 0 1.09 1.09 1.09 0 1.09 0 0 1.09 1.09 0 0 
0 2.39 0 0 0 0 0 0 2.39 0 0 0 2.39 0 0 0 0 0 2.39 0 
0 0 0 0 2.25 0 0 0 0 0 0 0 0 0 2.25 0 0 0 0 2.25 
0 1.46 0 0 0 0 0 0 1.46 0 0 0 1.46 0 0 0 0 0 1.46 0 
0 0 0 0 5.01 0 0 0 0 0 0 0 0 0 5.01 0 0 0 0 5.01 
3.89 0 0 0 0 0 0 0 0 0 0 0 0 0 0 3.89 0 0 0 0 
5.20 0 0 0 0 0 0 0 0 0 0 0 0 0 0 5.20 0 0 0 0 
0 0 0 0 1.52 0 0 0 0 0 0 0 0 0 1.52 0 0 0 0 1.52 
0 0 0 0 1.31 0 0 0 0 0 0 0 0 0 1.31 0 0 0 0 1.31 
0 3.83 0 0 0 0 0 0 3.83 0 0 0 3.83 0 0 0 0 0 3.83 0 
0 0 2.93 2.93 0 2.93 2.93 2.93 0 2.93 2.93 2.93 0 2.93 0 0 2.93 2.93 0 0 
0 5.07 0 0 0 0 0 0 5.07 0 0 0 5.07 0 0 0 0 0 5.07 0 
0 0 1.99 1.99 0 1.99 1.99 1.99 0 1.99 1.99 1.99 0 1.99 0 0 1.99 1.99 0 0 
0 5.22 0 0 0 0 0 0 5.22 0 0 0 5.22 0 0 0 0 0 5.22 0 
2.46 0 0 0 0 0 0 0 0 0 0 0 0 0 0 2.46 0 0 0 0 
0 0 4.88 4.88 0 4.88 4.88 4.88 0 4.88 4.88 4.88 0 4.88 0 0 4.88 4.88 0 0 
0 4.34 0 0 0 0 0 0 4.34 0 0 0 4.34 0 0 0 0 0 4.34 0 
2.29 0 0 0 0 0 0 0 0 0 0 0 0 0 0 2.29 0 0 0 0 
3.34 0 0 0 0 0 0 0 0 0 0 0 0 0 0 3.34 0 0 0 0 
0 0 2.24 2.24 0 2.24 2.24 2.24 0 2.24 2.24 2.24 0 2.24 0 0 2.24 2.24 0 0 
0 0 0 0 5.49 0 0 0 0 0 0 0 0 0 5.49 0 0 0 0 5.49 
0 0 1.04 1.04 0 1.04 1.04 1.04 0 1.04 1.04 1.04 0 1.04 0 0 1.04 1.04 0 0 
5.03 0 0 0 0 0 0 0 0 0 0 0 0 0 0 5.03 0 0 0 0 
0 0 3.69 3.69 0 3.69 3.69 3.69 0 3.69 3.69 3.69 0 3.69 0 0 3.69 3.69 0 0 
0 1.93 0 0 0 0 0 0 1.93 0 0 0 1.93 0 0 0 0 0 1.93 0 
0 4.20 0 0 0 0 0 0 4.20 0 0 0 4.20 0 0 0 0 0 4.20 0 
0 0 4.31 4.31 0 4.31 4.31 4.31 0 4.31 4.31 4.31 0 4.31 0 0 4.31 4.31 0 0 
0 5.86 0 0 0 0 0 0 5.86 0 0 0 5.86 0 0 0 0 0 5.86 0 
2.61 0 0 0 0 0 0 0 0 0 0 0 0 0 0 2.61 0 0 0 0 
0 0 0 0 3.51 0 0 0 0 0 0 0 0 0 3.51 0 0 0 0 3.51 
0 2.36 0 0 0 0 0 0 2.36 0 0 0 2.36 0 0 0 0 0 2.36 0 
0 4.15 0 0 0 0 0 0 4.15 0 0 0 4.15 0 0 0 0 0 4.15 0 
2.10 0 0 0 0 0 0 0 0 0 0 0 0 0 0 2.10 0 0 0 0 
2.53 0 0 0 0 0 0 0 0 0 0 0 0 0 0 2.53 0 0 0 0 
0 0 5.96 5.96 0 5.96 5.96 5.96 0 5.96 5.96 5.96 0 5.96 0 0 5.96 5.96 0 0 
0 0 0 0 1.95 0 0 0 0 0 0 0 0 0 1.95 0 0 0 0 1.95 
0 3.04 0 0 0 0 0 0 3.04 0 0 0 3.04 0 0 0 0 0 3.04 0 
0 1.14 0 0 0 0 0 0 1.14 0 0 0 1.14 0 0 0 0 0 1.14 0 
0 4.48 0 0 0 0 0 0 4.48 0 0 0 4.48 0 0 0 0 0 4.48 0 
0 0 0 0 2.19 0 0 0 0 0 0 0 0 0 2.19 0 0 0 0 2.19 
5.11 0 0 0 0 0 0 0 0 0 0 0 0 0 0 5.11 0 0 0 0 
0 0 1.49 1.49 0 1.49 1.49 1.49 0 1.49 1.49 1.49 0 1.49 0 0 1.49 1.49 0 0 
0 0 4.25 4.25 0 4.25 4.25 4.25 0 4.25 4.25 4.25 0 4.25 0 0 4.25 4.25 0 0 
0 0 1.98 1.98 0 1.98 1.98 1.98 0 1.98 1.98 1.98 0 1.98 0 0 1.98 1.98 0 0 
0 5.99 0 0 0 0 0 0 5.99 0 0 0 5.99 0 0 0 0 0 5.99 0 
5.40 0 0 0 0 0 0 0 0 0 0 0 0 0 0 5.40 0 0 0 0 
0 0 4.63 4.63 0 4.63 4.63 4.63 0 4.63 4.63 4.63 0 4.63 0 0 4.63 4.63 0 0 
0 3.67 0 0 0 0 0 0 3.67 0 0 0 3.67 0 0 0 0 0 3.67 0 
0 0 3.13 3.13 0 3.13 3.13 3.13 0 3.13 3.13 3.13 0 3.13 0 0 3.13 3.13 0 0 
4.99 0 0 0 0 0 0 0 0 0 0 0 0 0 0 4.99 0 0 0 0 
0 0 5.34 5.34 0 5.34 5.34 5.34 0 5.34 5.34 5.34 0 5.34 0 0 5.34 5.34 0 0 
0 2.78 0 0 0 0 0 0 2.78 0 0 0 2.78 0 0 0 0 0 2.78 0 
3.41 0 0 0 0 0 0 0 0 0 0 0 0 0 0 3.41 0 0 0 0 
0 0 1.13 1.13 0 1.13 1.13 1.13 0 1.13 1.13 1.13 0 1.13 0 0 1.13 1.13 0 0 
0 0 2.44 2.44 0 2.44 2.44 2.44 0 2.44 2.44 2.44 0 2.44 0 0 2.44 2.44 0 0 
0 3.42 0 0 0 0 0 0 3.42 0 0 0 3.42 0 0 0 0 0 3.42 0 
1.76 0 0 0 0 0 0 0 0 0 0 0 0 0 0 1.76 0 0 0 0 
0 0 4.13 4.13 0 4.13 4.13 4.13 0 4.13 4.13 4.13 0 4.13 0 0 4.13 4.13 0 0 
1.17 0 0 0 0 0 0 0 0 0 0 0 0 0 0 1.17 0 0 0 0 
0 1.83 0 0 0 0 0 0 1.83 0 0 0 1.83 0 0 0 0 0 1.83 0 
0 3.30 0 0 0 0 0 0 3.30 0 0 0 3.30 0 0 0 0 0 3.30 0 
1.47 0 0 0 0 0 0 0 0 0 0 0 0 0 0 1.47 0 0 0 0 
0 0 0 0 1.82 0 0 0 0 0 0 0 0 0 1.82 0 0 0 0 1.82 
0 0 1.67 1.67 0 1.67 1.67 1.67 0 1.67 1.67 1.67 0 1.67 0 0 1.67 1.67 0 0 
2.66 0 0 0 0 0 0 0 0 0 0 0 0 0 0 2.66 0 0 0 0 
0 5.14 0 0 0 0 0 0 5.14 0 0 0 5.14 0 0 0 0 0 5.14 0 
0 0 5.97 5.97 0 5.97 5.97 5.97 0 5.97 5.97 5.97 0 5.97 0 0 5.97 5.97 0 0 
0 0 2.36 2.36 0 2.36 2.36 2.36 0 2.36 2.36 2.36 0 2.36 0 0 2.36 2.36 0 0 
0 0 3.18 3.18 0 3.18 3.18 3.18 0 3.18 3.18 3.18 0 3.18 0 0 3.18 3.18 0 0 
4.42 0 0 0 0 0 0 0 0 0 0 0 0 0 0 4.42 0 0 0 0 
0 0 3.81 3.81 0 3.81 3.81 3.81 0 3.81 3.81 3.81 0 3.81 0 0 3.81 3.81 0 0 
2.90 0 0 0 0 0 0 0 0 0 0 0 0 0 0 2.90 0 0 0 0 
0 0 3.08 3.08 0 3.08 3.08 3.08 0 3.08 3.08 3.08 0 3.08 0 0 3.08 3.08 0 0 
0 5.36 0 0 0 0 0 0 5.36 0 0 0 5.36 0 0 0 0 0 5.36 0 
0 0 4.61 4.61 0 4.61 4.61 4.61 0 4.61 4.61 4.61 0 4.61 0 0 4.61 4.61 0 0 
0 0 3.66 3.66 0 3.66 3.66 3.66 0 3.66 3.66 3.66 0 3.66 0 0 3.66 3.66 0 0 
4.87 0 0 0 0 0 0 0 0 0 0 0 0 0 0 4.87 0 0 0 0 
0 0 4.32 4.32 0 4.32 4.32 4.32 0 4.32 4.32 4.32 0 4.32 0 0 4.32 4.32 0 0 
0 0 1.07 1.07 0 1.07 1.07 1.07 0 1.07 1.07 1.07 0 1.07 0 0 1.07 1.07 0 0 
3.04 0 0 0 0 0 0 0 0 0 0 0 0 0 0 3.04 0 0 0 0 
0 4.13 0 0 0 0 0 0 4.13 0 0 0 4.13 0 0 0 0 0 4.13 0 
0 1.34 0 0 0 0 0 0 1.34 0 0 0 1.34 0 0 0 0 0 1.34 0 
0 0 0 0 5.13 0 0 0 0 0 0 0 0 0 5.13 0 0 0 0 5.13 
0 3.31 0 0 0 0 0 0 3.31 0 0 0 3.31 0 0 0 0 0 3.31 0 
0 3.26 0 0 0 0 0 0 3.26 0 0 0 3.26 0 0 0 0 0 3.26 0 
0 2.80 0 0 0 0 0 0 2.80 0 0 0 2.80 0 0 0 0 0 2.80 0 
0 0 0 0 1.71 0 0 0 0 0 0 0 0 0 1.71 0 0 0 0 1.71 
0 2.51 0 0 0 0 0 0 2.51 0 0 0 2.51 0 0 0 0 0 2.51 0 
5.91 0 0 0 0 0 0 0 0 0 0 0 0 0 0 5.91 0 0 0 0 
0 4.12 0 0 0 0 0 0 4.12 0 0 0 4.12 0 0 0 0 0 4.12 0 
3.77 0 0 0 0 0 0 0 0 0 0 0 0 0 0 3.77 0 0 0 0 
0 0 4.39 4.39 0 4.39 4.39 4.39 0 4.39 4.39 4.39 0 4.39 0 0 4.39 4.39 0 0 
0 0 2.67 2.67 0 2.67 2.67 2.67 0 2.67 2.67 2.67 0 2.67 0 0 2.67 2.67 0 0 
0 0 0 0 4.95 0 0 0 0 0 0 0 0 0 4.95 0 0 0 0 4.95 
1.72 0 0 0 0 0 0 0 0 0 0 0 0 0 0 1.72 0 0 0 0 
3.64 0 0 0 0 0 0 0 0 0 0 0 0 0 0 3.64 0 0 0 0 
3.91 0 0 0 0 0 0 0 0 0 0 0 0 0 0 3.91 0 0 0 0 
0 3.05 0 0 0 0 0 0 3.05 0 0 0 3.05 0 0 0 0 0 3.05 0 
2.22 0 0 0 0 0 0 0 0 0 0 0 0 0 0 2.22 0 0 0 0 
0 1.85 0 0 0 0 0 0 1.85 0 0 0 1.85 0 0 0 0 0 1.85 0 
5.96 0 0 0 0 0 0 0 0 0 0 0 0 0 0 5.96 0 0 0 0 
0 0 2.85 2.85 0 2.85 2.85 2.85 0 2.85 2.85 2.85 0 2.85 0 0 2.85 2.85 0 0 
0 0 0 0 1.14 0 0 0 0 0 0 0 0 0 1.14 0 0 0 0 1.14 
0 2.39 0 0 0 0 0 0 2.39 0 0 0 2.39 0 0 0 0 0 2.39 0 
2.37 0 0 0 0 0 0 0 0 0 0 0 0 0 0 2.37 0 0 0 0 
0 1.09 0 0 0 0 0 0 1.09 0 0 0 1.09 0 0 0 0 0 1.09 0 
3.20 0 0 0 0 0 0 0 0 0 0 0 0 0 0 3.20 0 0 0 0 
3.62 0 0 0 0 0 0 0 0 0 0 0 0 0 0 3.62 0 0 0 0 
0 0 0 0 2.61 0 0 0 0 0 0 0 0 0 2.61 0 0 0 0 2.61 
0 0 4.71 4.71 0 4.71 4.71 4.71 0 4.71 4.71 4.71 0 4.71 0 0 4.71 4.71 0 0 
0 0 0 0 5.67 0 0 0 0 0 0 0 0 0 5.67 0 0 0 0 5.67 
0 0 5.45 5.45 0 5.45 5.45 5.45 0 5.45 5.45 5.45 0 5.45 0 0 5.45 5.45 0 0 
0 0 0 0 1.44 0 0 0 0 0 0 0 0 0 1.44 0 0 0 0 1.44 
0 0 5.18 5.18 0 5.18 5.18 5.18 0 5.18 5.18 5.18 0 5.18 0 0 5.18 5.18 0 0 
1.35 0 0 0 0 0 0 0 0 0 0 0 0 0 0 1.35 0 0 0 0 
0 0 0 0 3.03 0 0 0 0 0 0 0 0 0 3.03 0 0 0 0 3.03 
0 0 3.20 3.20 0 3.20 3.20 3.20 0 3.20 3.20 3.20 0 3.20 0 0 3.20 3.20 0 0 
0 0 0 0 4.14 0 0 0 0 0 0 0 0 0 4.14 0 0 0 0 4.14 
0 1.57 0 0 0 0 0 0 1.57 0 0 0 1.57 0 0 0 0 0 1.57 0 
0 0 5.06 5.06 0 5.06 5.06 5.06 0 5.06 5.06 5.06 0 5.06 0 0 5.06 5.06 0 0 
0 1.26 0 0 0 0 0 0 1.26 0 0 0 1.26 0 0 0 0 0 1.26 0 
2.12 0 0 0 0 0 0 0 0 0 0 0 0 0 0 2.12 0 0 0 0 
0 0 3.02 3.02 0 3.02 3.02 3.02 0 3.02 3.02 3.02 0 3.02 0 0 3.02 3.02 0 0 
5.69 0 0 0 0 0 0 0 0 0 0 0 0 0 0 5.69 0 0 0 0 
0 4.28 0 0 0 0 0 0 4.28 0 0 0 4.28 0 0 0 0 0 4.28 0 
0 5.44 0 0 0 0 0 0 5.44 0 0 0 5.44 0 0 0 0 0 5.44 0 
0 0 2.81 2.81 0 2.81 2.81 2.81 0 2.81 2.81 2.81 0 2.81 0 0 2.81 2.81 0 0 
0 5.26 0 0 0 0 0 0 5.26 0 0 0 5.26 0 0 0 0 0 5.26 0 
0 0 0 0 2.47 0 0 0 0 0 0 0 0 0 2.47 0 0 0 0 2.47 
1.27 0 0 0 0 0 0 0 0 0 0 0 0 0 0 1.27 0 0 0 0 
0 0 0 0 4.75 0 0 0 0 0 0 0 0 0 4.75 0 0 0 0 4.75 
5.01 0 0 0 0 0 0 0 0 0 0 0 0 0 0 5.01 0 0 0 0 
0 0 3.35 3.35 0 3.35 3.35 3.35 0 3.35 3.35 3.35 0 3.35 0 0 3.35 3.35 0 0 
0 1.87 0 0 0 0 0 0 1.87 0 0 0 1.87 0 0 0 0 0 1.87 0 
0 5.94 0 0 0 0 0 0 5.94 0 0 0 5.94 0 0 0 0 0 5.94 0 
4.27 0 0 0 0 0 0 0 0 0 0 0 0 0 0 4.27 0 0 0 0 
3.64 0 0 0 0 0 0 0 0 0 0 0 0 0 0 3.64 0 0 0 0 
1.73 0 0 0 0 0 0 0 0 0 0 0 0 0 0 1.73 0 0 0 0 
0 0 0 0 1.13 0 0 0 0 0 0 0 0 0 1.13 0 0 0 0 1.13 
0 1.83 0 0 0 0 0 0 1.83 0 0 0 1.83 0 0 0 0 0 1.83 0 
0 0 0 0 5.51 0 0 0 0 0 0 0 0 0 5.51 0 0 0 0 5.51 
0 5.24 0 0 0 0 0 0 5.24 0 0 0 5.24 0 0 0 0 0 5.24 0 
0 0 4.19 4.19 0 4.19 4.19 4.19 0 4.19 4.19 4.19 0 4.19 0 0 4.19 4.19 0 0 
0 4.29 0 0 0 0 0 0 4.29 0 0 0 4.29 0 0 0 0 0 4.29 0 
2.68 0 0 0 0 0 0 0 0 0 0 0 0 0 0 2.68 0 0 0 0 
0 2.98 0 0 0 0 0 0 2.98 0 0 0 2.98 0 0 0 0 0 2.98 0 
0 0 0 0 4.55 0 0 0 0 0 0 0 0 0 4.55 0 0 0 0 4.55 
0 0 0 0 4.94 0 0 0 0 0 0 0 0 0 4.94 0 0 0 0 4.94 
4.12 0 0 0 0 0 0 0 0 0 0 0 0 0 0 4.12 0 0 0 0 
1.41 0 0 0 0 0 0 0 0 0 0 0 0 0 0 1.41 0 0 0 0 
0 0 0 0 3.60 0 0 0 0 0 0 0 0 0 3.60 0 0 0 0 3.60 
278.2943 0 0 0 0 0 0 0 0 0 0 0 0 0 0 278.2943 0 0 0 0 
0 0 345.63348 345.63348 0 345.63348 345.63348 345.63348 0 345.63348 345.63348 345.63348 0 345.63348 0 0 345.63348 345.63348 0 0 
0 0 0 0 306.54355 0 0 0 0 0 0 0 0 0 306.54355 0 0 0 0 306.54355 
0 0 196.88809 196.88809 0 196.88809 196.88809 196.88809 0 196.88809 196.88809 196.88809 0 196.88809 0 0 196.88809 196.88809 0 0 
0 0 878.73126 878.73126 0 878.73126 878.73126 878.73126 0 878.73126 878.73126 878.73126 0 878.73126 0 0 878.73126 878.73126 0 0 
0 0 234.09853 234.09853 0 234.09853 234.09853 234.09853 0 234.09853 234.09853 234.09853 0 234.09853 0 0 234.09853 234.09853 0 0 
0 0 0 0 670.1983 0 0 0 0 0 0 0 0 0 670.1983 0 0 0 0 670.1983 
369.68713 0 0 0 0 0 0 0 0 0 0 0 0 0 0 369.68713 0 0 0 0 
0 0 0 0 408.1042 0 0 0 0 0 0 0 0 0 408.1042 0 0 0 0 408.1042 
0 0 578.1111 578.1111 0 578.1111 578.1111 578.1111 0 578.1111 578.1111 578.1111 0 578.1111 0 0 578.1111 578.1111 0 0 
0 748.9121 0 0 0 0 0 0 748.9121 0 0 0 748.9121 0 0 0 0 0 748.9121 0 
224.75645 0 0 0 0 0 0 0 0 0 0 0 0 0 0 224.75645 0 0 0 0 
0 0 211.174 211.174 0 211.174 211.174 211.174 0 211.174 211.174 211.174 0 211.174 0 0 211.174 211.174 0 0 
212.20778 0 0 0 0 0 0 0 0 0 0 0 0 0 0 212.20778 0 0 0 0 
0 0 91.63628 91.63628 0 91.63628 91.63628 91.63628 0 91.63628 91.63628 91.63628 0 91.63628 0 0 91.63628 91.63628 0 0 
0 0 819.4216 819.4216 0 819.4216 819.4216 819.4216 0 819.4216 819.4216 819.4216 0 819.4216 0 0 819.4216 819.4216 0 0 
315.41113 0 0 0 0 0 0 0 0 0 0 0 0 0 0 315.41113 0 0 0 0 
404.02896 0 0 0 0 0 0 0 0 0 0 0 0 0 0 404.02896 0 0 0 0 
0 0 0 0 441.2298 0 0 0 0 0 0 0 0 0 441.2298 0 0 0 0 441.2298 
0 0 196.42775 196.42775 0 196.42775 196.42775 196.42775 0 196.42775 196.42775 196.42775 0 196.42775 0 0 196.42775 196.42775 0 0 
0 421.60175 0 0 0 0 0 0 421.60175 0 0 0 421.60175 0 0 0 0 0 421.60175 0 
490.94473 0 0 0 0 0 0 0 0 0 0 0 0 0 0 490.94473 0 0 0 0 
0 637.83435 0 0 0 0 0 0 637.83435 0 0 0 637.83435 0 0 0 0 0 637.83435 0 
0 492.33603 0 0 0 0 0 0 492.33603 0 0 0 492.33603 0 0 0 0 0 492.33603 0 
304.35388 0 0 0 0 0 0 0 0 0 0 0 0 0 0 304.35388 0 0 0 0 
0 0 368.14145 368.14145 0 368.14145 368.14145 368.14145 0 368.14145 368.14145 368.14145 0 368.14145 0 0 368.14145 368.14145 0 0 
0 0 0 0 327.9674 0 0 0 0 0 0 0 0 0 327.9674 0 0 0 0 327.9674 
244.4183 0 0 0 0 0 0 0 0 0 0 0 0 0 0 244.4183 0 0 0 0 
0 0 0 0 377.1309 0 0 0 0 0 0 0 0 0 377.1309 0 0 0 0 377.1309 
0 185.81378 0 0 0 0 0 0 185.81378 0 0 0 185.81378 0 0 0 0 0 185.81378 0 
0 0 0 0 751.57275 0 0 0 0 0 0 0 0 0 751.57275 0 0 0 0 751.57275 
0 0 607.3751 607.3751 0 607.3751 607.3751 607.3751 0 607.3751 607.3751 607.3751 0 607.3751 0 0 607.3751 607.3751 0 0 
185.38737 0 0 0 0 0 0 0 0 0 0 0 0 0 0 185.38737 0 0 0 0 
371.26257 0 0 0 0 0 0 0 0 0 0 0 0 0 0 371.26257 0 0 0 0 
0 310.66568 0 0 0 0 0 0 310.66568 0 0 0 310.66568 0 0 0 0 0 310.66568 0 
0 0 0 0 593.937 0 0 0 0 0 0 0 0 0 593.937 0 0 0 0 593.937 
0 0 0 0 419.062 0 0 0 0 0 0 0 0 0 419.062 0 0 0 0 419.062 
0 0 181.5855 181.5855 0 181.5855 181.5855 181.5855 0 181.5855 181.5855 181.5855 0 181.5855 0 0 181.5855 181.5855 0 0 
0 0 653.9388 653.9388 0 653.9388 653.9388 653.9388 0 653.9388 653.9388 653.9388 0 653.9388 0 0 653.9388 653.9388 0 0 
0 0 0 0 947.3515 0 0 0 0 0 0 0 0 0 947.3515 0 0 0 0 947.3515 
306.90747 0 0 0 0 0 0 0 0 0 0 0 0 0 0 306.90747 0 0 0 0 
403.61444 0 0 0 0 0 0 0 0 0 0 0 0 0 0 403.61444 0 0 0 0 
0 0 57.635082 57.635082 0 57.635082 57.635082 57.635082 0 57.635082 57.635082 57.635082 0 57.635082 0 0 57.635082 57.635082 0 0 
0 395.5223 0 0 0 0 0 0 395.5223 0 0 0 395.5223 0 0 0 0 0 395.5223 0 
0 585.8674 0 0 0 0 0 0 585.8674 0 0 0 585.8674 0 0 0 0 0 585.8674 0 
0 463.72574 0 0 0 0 0 0 463.72574 0 0 0 463.72574 0 0 0 0 0 463.72574 0 
0 0 224.8267 224.8267 0 224.8267 224.8267 224.8267 0 224.8267 224.8267 224.8267 0 224.8267 0 0 224.8267 224.8267 0 0 
0 0 490.35962 490.35962 0 490.35962 490.35962 490.35962 0 490.35962 490.35962 490.35962 0 490.35962 0 0 490.35962 490.35962 0 0 
0 824.37396 0 0 0 0 0 0 824.37396 0 0 0 824.37396 0 0 0 0 0 824.37396 0 
0 0 515.40216 515.40216 0 515.40216 515.40216 515.40216 0 515.40216 515.40216 515.40216 0 515.40216 0 0 515.40216 515.40216 0 0 
640.266 0 0 0 0 0 0 0 0 0 0 0 0 0 0 640.266 0 0 0 0 
0 0 995.74347 995.74347 0 995.74347 995.74347 995.74347 0 995.74347 995.74347 995.74347 0 995.74347 0 0 995.74347 995.74347 0 0 
407.05673 0 0 0 0 0 0 0 0 0 0 0 0 0 0 407.05673 0 0 0 0 
0 0 0 0 140.68195 0 0 0 0 0 0 0 0 0 140.68195 0 0 0 0 140.68195 
295.30927 0 0 0 0 0 0 0 0 0 0 0 0 0 0 295.30927 0 0 0 0 
0 560.3324 0 0 0 0 0 0 560.3324 0 0 0 560.3324 0 0 0 0 0 560.3324 0 
688.5112 0 0 0 0 0 0 0 0 0 0 0 0 0 0 688.5112 0 0 0 0 
0 0 0 0 527.48236 0 0 0 0 0 0 0 0 0 527.48236 0 0 0 0 527.48236 
0 272.25977 0 0 0 0 0 0 272.25977 0 0 0 272.25977 0 0 0 0 0 272.25977 0 
0 0 538.2131 538.2131 0 538.2131 538.2131 538.2131 0 538.2131 538.2131 538.2131 0 538.2131 0 0 538.2131 538.2131 0 0 
816.9431 0 0 0 0 0 0 0 0 0 0 0 0 0 0 816.9431 0 0 0 0 
0 0 0 0 379.2105 0 0 0 0 0 0 0 0 0 379.2105 0 0 0 0 379.2105 
0 0 0 0 101.1665 0 0 0 0 0 0 0 0 0 101.1665 0 0 0 0 101.1665 
512.5192 0 0 0 0 0 0 0 0 0 0 0 0 0 0 512.5192 0 0 0 0 
0 528.9061 0 0 0 0 0 0 528.9061 0 0 0 528.9061 0 0 0 0 0 528.9061 0 
729.3156 0 0 0 0 0 0 0 0 0 0 0 0 0 0 729.3156 0 0 0 0 
776.3887 0 0 0 0 0 0 0 0 0 0 0 0 0 0 776.3887 0 0 0 0 
0 493.46072 0 0 0 0 0 0 493.46072 0 0 0 493.46072 0 0 0 0 0 493.46072 0 
0 0 0 0 588.8898 0 0 0 0 0 0 0 0 0 588.8898 0 0 0 0 588.8898 
0 0 0 0 444.2574 0 0 0 0 0 0 0 0 0 444.2574 0 0 0 0 444.2574 
0 0 0 0 331.0413 0 0 0 0 0 0 0 0 0 331.0413 0 0 0 0 331.0413 
0 139.38678 0 0 0 0 0 0 139.38678 0 0 0 139.38678 0 0 0 0 0 139.38678 0 
0 500.6555 0 0 0 0 0 0 500.6555 0 0 0 500.6555 0 0 0 0 0 500.6555 0 
0 0 0 0 899.3708 0 0 0 0 0 0 0 0 0 899.3708 0 0 0 0 899.3708 
0 0 0 0 638.82745 0 0 0 0 0 0 0 0 0 638.82745 0 0 0 0 638.82745 
0 236.01593 0 0 0 0 0 0 236.01593 0 0 0 236.01593 0 0 0 0 0 236.01593 0 
0 492.0138 0 0 0 0 0 0 492.0138 0 0 0 492.0138 0 0 0 0 0 492.0138 0 
0 0 0 0 673.6251 0 0 0 0 0 0 0 0 0 673.6251 0 0 0 0 673.6251 
0 0 368.5364 368.5364 0 368.5364 368.5364 368.5364 0 368.5364 368.5364 368.5364 0 368.5364 0 0 368.5364 368.5364 0 0 
0 0 0 0 240.12933 0 0 0 0 0 0 0 0 0 240.12933 0 0 0 0 240.12933 
0 0 341.77948 341.77948 0 341.77948 341.77948 341.77948 0 341.77948 341.77948 341.77948 0 341.77948 0 0 341.77948 341.77948 0 0 
0 0 0 0 667.70746 0 0 0 0 0 0 0 0 0 667.70746 0 0 0 0 667.70746 
0 0 785.3035 785.3035 0 785.3035 785.3035 785.3035 0 785.3035 785.3035 785.3035 0 785.3035 0 0 785.3035 785.3035 0 0 
437.87128 0 0 0 0 0 0 0 0 0 0 0 0 0 0 437.87128 0 0 0 0 
208.78635 0 0 0 0 0 0 0 0 0 0 0 0 0 0 208.78635 0 0 0 0 
0 399.18573 0 0 0 0 0 0 399.18573 0 0 0 399.18573 0 0 0 0 0 399.18573 0 
754.72723 0 0 0 0 0 0 0 0 0 0 0 0 0 0 754.72723 0 0 0 0 
0 0 588.15765 588.15765 0 588.15765 588.15765 588.15765 0 588.15765 588.15765 588.15765 0 588.15765 0 0 588.15765 588.15765 0 0 
0 0 405.12442 405.12442 0 405.12442 405.12442 405.12442 0 405.12442 405.12442 405.12442 0 405.12442 0 0 405.12442 405.12442 0 0 
0 0 0 0 590.47 0 0 0 0 0 0 0 0 0 590.47 0 0 0 0 590.47 
295.81155 0 0 0 0 0 0 0 0 0 0 0 0 0 0 295.81155 0 0 0 0 
0 0 598.2134 598.2134 0 598.2134 598.2134 598.2134 0 598.2134 598.2134 598.2134 0 598.2134 0 0 598.2134 598.2134 0 0 
555.766 0 0 0 0 0 0 0 0 0 0 0 0 0 0 555.766 0 0 0 0 
0 0 0 0 366.3032 0 0 0 0 0 0 0 0 0 366.3032 0 0 0 0 366.3032 
0 0 902.67615 902.67615 0 902.67615 902.67615 902.67615 0 902.67615 902.67615 902.67615 0 902.67615 0 0 902.67615 902.67615 0 0 
0 0 0 0 817.73474 0 0 0 0 0 0 0 0 0 817.73474 0 0 0 0 817.73474 
0 0 847.5568 847.5568 0 847.5568 847.5568 847.5568 0 847.5568 847.5568 847.5568 0 847.5568 0 0 847.5568 847.5568 0 0 
359.87274 0 0 0 0 0 0 0 0 0 0 0 0 0 0 359.87274 0 0 0 0 
0 359.60687 0 0 0 0 0 0 359.60687 0 0 0 359.60687 0 0 0 0 0 359.60687 0 
0 0 0 0 621.9747 0 0 0 0 0 0 0 0 0 621.9747 0 0 0 0 621.9747 
0 0 0 0 267.36755 0 0 0 0 0 0 0 0 0 267.36755 0 0 0 0 267.36755 
607.8913 0 0 0 0 0 0 0 0 0 0 0 0 0 0 607.8913 0 0 0 0 
0 0 247.17453 247.17453 0 247.17453 247.17453 247.17453 0 247.17453 247.17453 247.17453 0 247.17453 0 0 247.17453 247.17453 0 0 
808.6759 0 0 0 0 0 0 0 0 0 0 0 0 0 0 808.6759 0 0 0 0 
0 0 0 0 732.5562 0 0 0 0 0 0 0 0 0 732.5562 0 0 0 0 732.5562 
312.24237 0 0 0 0 0 0 0 0 0 0 0 0 0 0 312.24237 0 0 0 0 
0 0 211.47772 211.47772 0 211.47772 211.47772 211.47772 0 211.47772 211.47772 211.47772 0 211.47772 0 0 211.47772 211.47772 0 0 
0 0 531.8527 531.8527 0 531.8527 531.8527 531.8527 0 531.8527 531.8527 531.8527 0 531.8527 0 0 531.8527 531.8527 0 0 
228.66641 0 0 0 0 0 0 0 0 0 0 0 0 0 0 228.66641 0 0 0 0 
0 0 385.35898 385.35898 0 385.35898 385.35898 385.35898 0 385.35898 385.35898 385.35898 0 385.35898 0 0 385.35898 385.35898 0 0 
0 709.1934 0 0 0 0 0 0 709.1934 0 0 0 709.1934 0 0 0 0 0 709.1934 0 
0 0 492.5903 492.5903 0 492.5903 492.5903 492.5903 0 492.5903 492.5903 492.5903 0 492.5903 0 0 492.5903 492.5903 0 0 
0 0 0 0 205.82669 0 0 0 0 0 0 0 0 0 205.82669 0 0 0 0 205.82669 
0 0 693.98145 693.98145 0 693.98145 693.98145 693.98145 0 693.98145 693.98145 693.98145 0 693.98145 0 0 693.98145 693.98145 0 0 
0 871.02936 0 0 0 0 0 0 871.02936 0 0 0 871.02936 0 0 0 0 0 871.02936 0 
0 0 239.64459 239.64459 0 239.64459 239.64459 239.64459 0 239.64459 239.64459 239.64459 0 239.64459 0 0 239.64459 239.64459 0 0 
0 0 221.97977 221.97977 0 221.97977 221.97977 221.97977 0 221.97977 221.97977 221.97977 0 221.97977 0 0 221.97977 221.97977 0 0 
194.18744 0 0 0 0 0 0 0 0 0 0 0 0 0 0 194.18744 0 0 0 0 
0 0 415.58212 415.58212 0 415.58212 415.58212 415.58212 0 415.58212 415.58212 415.58212 0 415.58212 0 0 415.58212 415.58212 0 0 
406.20132 0 0 0 0 0 0 0 0 0 0 0 0 0 0 406.20132 0 0 0 0 
277.72134 0 0 0 0 0 0 0 0 0 0 0 0 0 0 277.72134 0 0 0 0 
0 76.677864 0 0 0 0 0 0 76.677864 0 0 0 76.677864 0 0 0 0 0 76.677864 0 
0 0 173.92155 173.92155 0 173.92155 173.92155 173.92155 0 173.92155 173.92155 173.92155 0 173.92155 0 0 173.92155 173.92155 0 0 
0 0 0 0 447.6229 0 0 0 0 0 0 0 0 0 447.6229 0 0 0 0 447.6229 
0 0 0 0 558.5212 0 0 0 0 0 0 0 0 0 558.5212 0 0 0 0 558.5212 
241.58437 0 0 0 0 0 0 0 0 0 0 0 0 0 0 241.58437 0 0 0 0 
0 0 231.24518 231.24518 0 231.24518 231.24518 231.24518 0 231.24518 231.24518 231.24518 0 231.24518 0 0 231.24518 231.24518 0 0 
0 0 0 0 1004.03107 0 0 0 0 0 0 0 0 0 1004.03107 0 0 0 0 1004.03107 
331.92892 0 0 0 0 0 0 0 0 0 0 0 0 0 0 331.92892 0 0 0 0 
0 0 0 0 592.2398 0 0 0 0 0 0 0 0 0 592.2398 0 0 0 0 592.2398 
0 0 188.83153 188.83153 0 188.83153 188.83153 188.83153 0 188.83153 188.83153 188.83153 0 188.83153 0 0 188.83153 188.83153 0 0 
548.85443 0 0 0 0 0 0 0 0 0 0 0 0 0 0 548.85443 0 0 0 0 
0 0 0 0 831.9909 0 0 0 0 0 0 0 0 0 831.9909 0 0 0 0 831.9909 
0 186.4064 0 0 0 0 0 0 186.4064 0 0 0 186.4064 0 0 0 0 0 186.4064 0 
0 0 270.41614 270.41614 0 270.41614 270.41614 270.41614 0 270.41614 270.41614 270.41614 0 270.41614 0 0 270.41614 270.41614 0 0 
0 0 0 0 546.4459 0 0 0 0 0 0 0 0 0 546.4459 0 0 0 0 546.4459 
0 264.80475 0 0 0 0 0 0 264.80475 0 0 0 264.80475 0 0 0 0 0 264.80475 0 
0 167.67134 0 0 0 0 0 0 167.67134 0 0 0 167.67134 0 0 0 0 0 167.67134 0 
127.06298 0 0 0 0 0 0 0 0 0 0 0 0 0 0 127.06298 0 0 0 0 
0 805.53394 0 0 0 0 0 0 805.53394 0 0 0 805.53394 0 0 0 0 0 805.53394 0 
0 654.76624 0 0 0 0 0 0 654.76624 0 0 0 654.76624 0 0 0 0 0 654.76624 0 
0 0 505.18924 505.18924 0 505.18924 505.18924 505.18924 0 505.18924 505.18924 505.18924 0 505.18924 0 0 505.18924 505.18924 0 0 
0 0 0 0 619.56665 0 0 0 0 0 0 0 0 0 619.56665 0 0 0 0 619.56665 
0 0 593.4511 593.4511 0 593.4511 593.4511 593.4511 0 593.4511 593.4511 593.4511 0 593.4511 0 0 593.4511 593.4511 0 0 
0 0 497.30435 497.30435 0 497.30435 497.30435 497.30435 0 497.30435 497.30435 497.30435 0 497.30435 0 0 497.30435 497.30435 0 0 
175.52104 0 0 0 0 0 0 0 0 0 0 0 0 0 0 175.52104 0 0 0 0 
0 326.66153 0 0 0 0 0 0 326.66153 0 0 0 326.66153 0 0 0 0 0 326.66153 0 
0 0 0 0 388.8214 0 0 0 0 0 0 0 0 0 388.8214 0 0 0 0 388.8214 
0 0 126.93609 126.93609 0 126.93609 126.93609 126.93609 0 126.93609 126.93609 126.93609 0 126.93609 0 0 126.93609 126.93609 0 0 
0 0 0 0 382.1699 0 0 0 0 0 0 0 0 0 382.1699 0 0 0 0 382.1699 
0 292.04474 0 0 0 0 0 0 292.04474 0 0 0 292.04474 0 0 0 0 0 292.04474 0 
0 0 0 0 740.3185 0 0 0 0 0 0 0 0 0 740.3185 0 0 0 0 740.3185 
0 0 165.49019 165.49019 0 165.49019 165.49019 165.49019 0 165.49019 165.49019 165.49019 0 165.49019 0 0 165.49019 165.49019 0 0 
0 0 0 0 594.1014 0 0 0 0 0 0 0 0 0 594.1014 0 0 0 0 594.1014 
0 481.52933 0 0 0 0 0 0 481.52933 0 0 0 481.52933 0 0 0 0 0 481.52933 0 
0 0 579.2018 579.2018 0 579.2018 579.2018 579.2018 0 579.2018 579.2018 579.2018 0 579.2018 0 0 579.2018 579.2018 0 0 
0 47.941498 0 0 0 0 0 0 47.941498 0 0 0 47.941498 0 0 0 0 0 47.941498 0 
0 929.34467 0 0 0 0 0 0 929.34467 0 0 0 929.34467 0 0 0 0 0 929.34467 0 
0 0 0 0 418.64886 0 0 0 0 0 0 0 0 0 418.64886 0 0 0 0 418.64886 
0 598.3351 0 0 0 0 0 0 598.3351 0 0 0 598.3351 0 0 0 0 0 598.3351 0 
0 406.94498 0 0 0 0 0 0 406.94498 0 0 0 406.94498 0 0 0 0 0 406.94498 0 
0 0 0 0 353.59 0 0 0 0 0 0 0 0 0 353.59 0 0 0 0 353.59 
123.38927 0 0 0 0 0 0 0 0 0 0 0 0 0 0 123.38927 0 0 0 0 
0 654.1671 0 0 0 0 0 0 654.1671 0 0 0 654.1671 0 0 0 0 0 654.1671 0 
0 0 267.2517 267.2517 0 267.2517 267.2517 267.2517 0 267.2517 267.2517 267.2517 0 267.2517 0 0 267.2517 267.2517 0 0 
0 0 0 0 508.98874 0 0 0 0 0 0 0 0 0 508.98874 0 0 0 0 508.98874 
0 0 382.81622 382.81622 0 382.81622 382.81622 382.81622 0 382.81622 382.81622 382.81622 0 382.81622 0 0 382.81622 382.81622 0 0 
0 0 0 0 271.1953 0 0 0 0 0 0 0 0 0 271.1953 0 0 0 0 271.1953 
0 0 609.99286 609.99286 0 609.99286 609.99286 609.99286 0 609.99286 609.99286 609.99286 0 609.99286 0 0 609.99286 609.99286 0 0 
0 0 412.63214 412.63214 0 412.63214 412.63214 412.63214 0 412.63214 412.63214 412.63214 0 412.63214 0 0 412.63214 412.63214 0 0 
0 0 318.74216 318.74216 0 318.74216 318.74216 318.74216 0 318.74216 318.74216 318.74216 0 318.74216 0 0 318.74216 318.74216 0 0 
0 333.12976 0 0 0 0 0 0 333.12976 0 0 0 333.12976 0 0 0 0 0 333.12976 0 
0 0 0 0 326.77832 0 0 0 0 0 0 0 0 0 326.77832 0 0 0 0 326.77832 
0 0 0 0 496.39554 0 0 0 0 0 0 0 0 0 496.39554 0 0 0 0 496.39554 
0 645.9782 0 0 0 0 0 0 645.9782 0 0 0 645.9782 0 0 0 0 0 645.9782 0 
0 0 121.970726 121.970726 0 121.970726 121.970726 121.970726 0 121.970726 121.970726 121.970726 0 121.970726 0 0 121.970726 121.970726 0 0 
0 0 544.2331 544.2331 0 544.2331 544.2331 544.2331 0 544.2331 544.2331 544.2331 0 544.2331 0 0 544.2331 544.2331 0 0 
0 0 131.77457 131.77457 0 131.77457 131.77457 131.77457 0 131.77457 131.77457 131.77457 0 131.77457 0 0 131.77457 131.77457 0 0 
0 0 0 0 496.3847 0 0 0 0 0 0 0 0 0 496.3847 0 0 0 0 496.3847 
0 345.73343 0 0 0 0 0 0 345.73343 0 0 0 345.73343 0 0 0 0 0 345.73343 0 
0 0 884.05005 884.05005 0 884.05005 884.05005 884.05005 0 884.05005 884.05005 884.05005 0 884.05005 0 0 884.05005 884.05005 0 0 
0 482.05203 0 0 0 0 0 0 482.05203 0 0 0 482.05203 0 0 0 0 0 482.05203 0 
0 0 0 0 239.51486 0 0 0 0 0 0 0 0 0 239.51486 0 0 0 0 239.51486 
0 188.32506 0 0 0 0 0 0 188.32506 0 0 0 188.32506 0 0 0 0 0 188.32506 0 
0 0 0 0 324.6056 0 0 0 0 0 0 0 0 0 324.6056 0 0 0 0 324.6056 
0 0 0 0 442.5889 0 0 0 0 0 0 0 0 0 442.5889 0 0 0 0 442.5889 
922.68646 0 0 0 0 0 0 0 0 0 0 0 0 0 0 922.68646 0 0 0 0 
0 0 553.62415 553.62415 0 553.62415 553.62415 553.62415 0 553.62415 553.62415 553.62415 0 553.62415 0 0 553.62415 553.62415 0 0 
0 532.4153 0 0 0 0 0 0 532.4153 0 0 0 532.4153 0 0 0 0 0 532.4153 0 
0 0 79.55721 79.55721 0 79.55721 79.55721 79.55721 0 79.55721 79.55721 79.55721 0 79.55721 0 0 79.55721 79.55721 0 0 
447.3511 0 0 0 0 0 0 0 0 0 0 0 0 0 0 447.3511 0 0 0 0 
0 0 247.8938 247.8938 0 247.8938 247.8938 247.8938 0 247.8938 247.8938 247.8938 0 247.8938 0 0 247.8938 247.8938 0 0 
0 506.5444 0 0 0 0 0 0 506.5444 0 0 0 506.5444 0 0 0 0 0 506.5444 0 
0 0 0 0 307.92136 0 0 0 0 0 0 0 0 0 307.92136 0 0 0 0 307.92136 
0 342.40436 0 0 0 0 0 0 342.40436 0 0 0 342.40436 0 0 0 0 0 342.40436 0 
0 324.49774 0 0 0 0 0 0 324.49774 0 0 0 324.49774 0 0 0 0 0 324.49774 0 
0 488.7701 0 0 0 0 0 0 488.7701 0 0 0 488.7701 0 0 0 0 0 488.7701 0 
206.19682 0 0 0 0 0 0 0 0 0 0 0 0 0 0 206.19682 0 0 0 0 
0 0 358.2144 358.2144 0 358.2144 358.2144 358.2144 0 358.2144 358.2144 358.2144 0 358.2144 0 0 358.2144 358.2144 0 0 
0 0 697.40515 697.40515 0 697.40515 697.40515 697.40515 0 697.40515 697.40515 697.40515 0 697.40515 0 0 697.40515 697.40515 0 0 
0 360.7834 0 0 0 0 0 0 360.7834 0 0 0 360.7834 0 0 0 0 0 360.7834 0 
0 757.43414 0 0 0 0 0 0 757.43414 0 0 0 757.43414 0 0 0 0 0 757.43414 0 
0 0 0 0 438.23828 0 0 0 0 0 0 0 0 0 438.23828 0 0 0 0 438.23828 
0 0 239.2862 239.2862 0 239.2862 239.2862 239.2862 0 239.2862 239.2862 239.2862 0 239.2862 0 0 239.2862 239.2862 0 0 
187.70987 0 0 0 0 0 0 0 0 0 0 0 0 0 0 187.70987 0 0 0 0 
0 0 0 0 226.8516 0 0 0 0 0 0 0 0 0 226.8516 0 0 0 0 226.8516 
0 121.93973 0 0 0 0 0 0 121.93973 0 0 0 121.93973 0 0 0 0 0 121.93973 0 
0 94.030075 0 0 0 0 0 0 94.030075 0 0 0 94.030075 0 0 0 0 0 94.030075 0 
278.792 0 0 0 0 0 0 0 0 0 0 0 0 0 0 278.792 0 0 0 0 
662.9957 0 0 0 0 0 0 0 0 0 0 0 0 0 0 662.9957 0 0 0 0 
0 285.9998 0 0 0 0 0 0 285.9998 0 0 0 285.9998 0 0 0 0 0 285.9998 0 
380.27313 0 0 0 0 0 0 0 0 0 0 0 0 0 0 380.27313 0 0 0 0 
148.85736 0 0 0 0 0 0 0 0 0 0 0 0 0 0 148.85736 0 0 0 0 
0 0 0 0 294.33667 0 0 0 0 0 0 0 0 0 294.33667 0 0 0 0 294.33667 
0 0 0 0 542.1368 0 0 0 0 0 0 0 0 0 542.1368 0 0 0 0 542.1368 
0 0 0 0 341.29666 0 0 0 0 0 0 0 0 0 341.29666 0 0 0 0 341.29666 
0 114.45333 0 0 0 0 0 0 114.45333 0 0 0 114.45333 0 0 0 0 0 114.45333 0 
0 0 0 0 130.5347 0 0 0 0 0 0 0 0 0 130.5347 0 0 0 0 130.5347 
0 0 220.24193 220.24193 0 220.24193 220.24193 220.24193 0 220.24193 220.24193 220.24193 0 220.24193 0 0 220.24193 220.24193 0 0 
0 0 0 0 117.49389 0 0 0 0 0 0 0 0 0 117.49389 0 0 0 0 117.49389 
0 0 121.86791 121.86791 0 121.86791 121.86791 121.86791 0 121.86791 121.86791 121.86791 0 121.86791 0 0 121.86791 121.86791 0 0 
524.88464 0 0 0 0 0 0 0 0 0 0 0 0 0 0 524.88464 0 0 0 0 
0 0 0 0 483.38858 0 0 0 0 0 0 0 0 0 483.38858 0 0 0 0 483.38858 
142.29637 0 0 0 0 0 0 0 0 0 0 0 0 0 0 142.29637 0 0 0 0 
596.33246 0 0 0 0 0 0 0 0 0 0 0 0 0 0 596.33246 0 0 0 0 
0 0 0 0 45.832172 0 0 0 0 0 0 0 0 0 45.832172 0 0 0 0 45.832172 
0 0 0 0 272.81067 0 0 0 0 0 0 0 0 0 272.81067 0 0 0 0 272.81067 
0 0 243.19092 243.19092 0 243.19092 243.19092 243.19092 0 243.19092 243.19092 243.19092 0 243.19092 0 0 243.19092 243.19092 0 0 
342.14203 0 0 0 0 0 0 0 0 0 0 0 0 0 0 342.14203 0 0 0 0 
0 0 123.59276 123.59276 0 123.59276 123.59276 123.59276 0 123.59276 123.59276 123.59276 0 123.59276 0 0 123.59276 123.59276 0 0 
606.7885 0 0 0 0 0 0 0 0 0 0 0 0 0 0 606.7885 0 0 0 0 
0 0 0 0 763.0377 0 0 0 0 0 0 0 0 0 763.0377 0 0 0 0 763.0377 
454.11414 0 0 0 0 0 0 0 0 0 0 0 0 0 0 454.11414 0 0 0 0 
0 0 608.2915 608.2915 0 608.2915 608.2915 608.2915 0 608.2915 608.2915 608.2915 0 608.2915 0 0 608.2915 608.2915 0 0 
0 0 387.09723 387.09723 0 387.09723 387.09723 387.09723 0 387.09723 387.09723 387.09723 0 387.09723 0 0 387.09723 387.09723 0 0 
0 511.61438 0 0 0 0 0 0 511.61438 0 0 0 511.61438 0 0 0 0 0 511.61438 0 
0 0 637.0203 637.0203 0 637.0203 637.0203 637.0203 0 637.0203 637.0203 637.0203 0 637.0203 0 0 637.0203 637.0203 0 0 
0 0 0 0 454.98932 0 0 0 0 0 0 0 0 0 454.98932 0 0 0 0 454.98932 
0 0 257.01437 257.01437 0 257.01437 257.01437 257.01437 0 257.01437 257.01437 257.01437 0 257.01437 0 0 257.01437 257.01437 0 0 
0 0 177.04266 177.04266 0 177.04266 177.04266 177.04266 0 177.04266 177.04266 177.04266 0 177.04266 0 0 177.04266 177.04266 0 0 
0 269.654 0 0 0 0 0 0 269.654 0 0 0 269.654 0 0 0 0 0 269.654 0 
263.32697 0 0 0 0 0 0 0 0 0 0 0 0 0 0 263.32697 0 0 0 0 
0 0 390.395 390.395 0 390.395 390.395 390.395 0 390.395 390.395 390.395 0 390.395 0 0 390.395 390.395 0 0 
0 0 0 0 364.8401 0 0 0 0 0 0 0 0 0 364.8401 0 0 0 0 364.8401 
0 0 673.8992 673.8992 0 673.8992 673.8992 673.8992 0 673.8992 673.8992 673.8992 0 673.8992 0 0 673.8992 673.8992 0 0 
0 0 535.8187 535.8187 0 535.8187 535.8187 535.8187 0 535.8187 535.8187 535.8187 0 535.8187 0 0 535.8187 535.8187 0 0 
0 289.37695 0 0 0 0 0 0 289.37695 0 0 0 289.37695 0 0 0 0 0 289.37695 0 
0 495.5567 0 0 0 0 0 0 495.5567 0 0 0 495.5567 0 0 0 0 0 495.5567 0 
316.30283 0 0 0 0 0 0 0 0 0 0 0 0 0 0 316.30283 0 0 0 0 
0 0 0 0 460.87933 0 0 0 0 0 0 0 0 0 460.87933 0 0 0 0 460.87933 
0 398.56158 0 0 0 0 0 0 398.56158 0 0 0 398.56158 0 0 0 0 0 398.56158 0 
0 0 0 0 355.50424 0 0 0 0 0 0 0 0 0 355.50424 0 0 0 0 355.50424 
0 0 515.69336 515.69336 0 515.69336 515.69336 515.69336 0 515.69336 515.69336 515.69336 0 515.69336 0 0 515.69336 515.69336 0 0 
0 520.1499 0 0 0 0 0 0 520.1499 0 0 0 520.1499 0 0 0 0 0 520.1499 0 
0 0 150.3764 150.3764 0 150.3764 150.3764 150.3764 0 150.3764 150.3764 150.3764 0 150.3764 0 0 150.3764 150.3764 0 0 
0 0 394.7594 394.7594 0 394.7594 394.7594 394.7594 0 394.7594 394.7594 394.7594 0 394.7594 0 0 394.7594 394.7594 0 0 
0 0 783.25195 783.25195 0 783.25195 783.25195 783.25195 0 783.25195 783.25195 783.25195 0 783.25195 0 0 783.25195 783.25195 0 0 
0 0 0 0 373.84113 0 0 0 0 0 0 0 0 0 373.84113 0 0 0 0 373.84113 
0 208.59917 0 0 0 0 0 0 208.59917 0 0 0 208.59917 0 0 0 0 0 208.59917 0 
778.0649 0 0 0 0 0 0 0 0 0 0 0 0 0 0 778.0649 0 0 0 0 
507.20285 0 0 0 0 0 0 0 0 0 0 0 0 0 0 507.20285 0 0 0 0 
0 0 0 0 409.77222 0 0 0 0 0 0 0 0 0 409.77222 0 0 0 0 409.77222 
0 0 298.08878 298.08878 0 298.08878 298.08878 298.08878 0 298.08878 298.08878 298.08878 0 298.08878 0 0 298.08878 298.08878 0 0 
0 0 0 0 170.06238 0 0 0 0 0 0 0 0 0 170.06238 0 0 0 0 170.06238 
208.7207 0 0 0 0 0 0 0 0 0 0 0 0 0 0 208.7207 0 0 0 0 
0 0 0 0 503.25424 0 0 0 0 0 0 0 0 0 503.25424 0 0 0 0 503.25424 
0 425.74152 0 0 0 0 0 0 425.74152 0 0 0 425.74152 0 0 0 0 0 425.74152 0 
0 0 0 0 153.61992 0 0 0 0 0 0 0 0 0 153.61992 0 0 0 0 153.61992 
0 0 0 0 355.4554 0 0 0 0 0 0 0 0 0 355.4554 0 0 0 0 355.4554 
0 708.8611 0 0 0 0 0 0 708.8611 0 0 0 708.8611 0 0 0 0 0 708.8611 0 
0 0 28.332054 28.332054 0 28.332054 28.332054 28.332054 0 28.332054 28.332054 28.332054 0 28.332054 0 0 28.332054 28.332054 0 0 
0 0 778.0157 778.0157 0 778.0157 778.0157 778.0157 0 778.0157 778.0157 778.0157 0 778.0157 0 0 778.0157 778.0157 0 0 
0 0 0 0 214.02722 0 0 0 0 0 0 0 0 0 214.02722 0 0 0 0 214.02722 
0 0 813.8769 813.8769 0 813.8769 813.8769 813.8769 0 813.8769 813.8769 813.8769 0 813.8769 0 0 813.8769 813.8769 0 0 
110.47181 0 0 0 0 0 0 0 0 0 0 0 0 0 0 110.47181 0 0 0 0 
0 213.4505 0 0 0 0 0 0 213.4505 0 0 0 213.4505 0 0 0 0 0 213.4505 0 
0 0 329.11963 329.11963 0 329.11963 329.11963 329.11963 0 329.11963 329.11963 329.11963 0 329.11963 0 0 329.11963 329.11963 0 0 
503.09375 0 0 0 0 0 0 0 0 0 0 0 0 0 0 503.09375 0 0 0 0 
0 0 0 0 612.8631 0 0 0 0 0 0 0 0 0 612.8631 0 0 0 0 612.8631 
258.0984 0 0 0 0 0 0 0 0 0 0 0 0 0 0 258.0984 0 0 0 0 
0 0 427.58276 427.58276 0 427.58276 427.58276 427.58276 0 427.58276 427.58276 427.58276 0 427.58276 0 0 427.58276 427.58276 0 0 
0 0 0 0 524.38306 0 0 0 0 0 0 0 0 0 524.38306 0 0 0 0 524.38306 
337.55142 0 0 0 0 0 0 0 0 0 0 0 0 0 0 337.55142 0 0 0 0 
0 230.99744 0 0 0 0 0 0 230.99744 0 0 0 230.99744 0 0 0 0 0 230.99744 0 
0 91.323715 0 0 0 0 0 0 91.323715 0 0 0 91.323715 0 0 0 0 0 91.323715 0 
0 0 119.01801 119.01801 0 119.01801 119.01801 119.01801 0 119.01801 119.01801 119.01801 0 119.01801 0 0 119.01801 119.01801 0 0 
0 0 0 0 807.81775 0 0 0 0 0 0 0 0 0 807.81775 0 0 0 0 807.81775 
0 553.73236 0 0 0 0 0 0 553.73236 0 0 0 553.73236 0 0 0 0 0 553.73236 0 
662.50946 0 0 0 0 0 0 0 0 0 0 0 0 0 0 662.50946 0 0 0 0 
0 0 381.983 381.983 0 381.983 381.983 381.983 0 381.983 381.983 381.983 0 381.983 0 0 381.983 381.983 0 0 
438.871 0 0 0 0 0 0 0 0 0 0 0 0 0 0 438.871 0 0 0 0 
0 617.9564 0 0 0 0 0 0 617.9564 0 0 0 617.9564 0 0 0 0 0 617.9564 0 
0 396.2493 0 0 0 0 0 0 396.2493 0 0 0 396.2493 0 0 0 0 0 396.2493 0 
373.69742 0 0 0 0 0 0 0 0 0 0 0 0 0 0 373.69742 0 0 0 0 
0 0 525.9659 525.9659 0 525.9659 525.9659 525.9659 0 525.9659 525.9659 525.9659 0 525.9659 0 0 525.9659 525.9659 0 0 
282.93484 0 0 0 0 0 0 0 0 0 0 0 0 0 0 282.93484 0 0 0 0 
0 0 466.18704 466.18704 0 466.18704 466.18704 466.18704 0 466.18704 466.18704 466.18704 0 466.18704 0 0 466.18704 466.18704 0 0 
0 0 443.42816 443.42816 0 443.42816 443.42816 443.42816 0 443.42816 443.42816 443.42816 0 443.42816 0 0 443.42816 443.42816 0 0 
0 0 588.5487 588.5487 0 588.5487 588.5487 588.5487 0 588.5487 588.5487 588.5487 0 588.5487 0 0 588.5487 588.5487 0 0 
0 0 132.7169 132.7169 0 132.7169 132.7169 132.7169 0 132.7169 132.7169 132.7169 0 132.7169 0 0 132.7169 132.7169 0 0 
0 314.89804 0 0 0 0 0 0 314.89804 0 0 0 314.89804 0 0 0 0 0 314.89804 0 
0 0 0 0 123.29511 0 0 0 0 0 0 0 0 0 123.29511 0 0 0 0 123.29511 
0 63.664227 0 0 0 0 0 0 63.664227 0 0 0 63.664227 0 0 0 0 0 63.664227 0 
0 0 0 0 577.0202 0 0 0 0 0 0 0 0 0 577.0202 0 0 0 0 577.0202 
683.36084 0 0 0 0 0 0 0 0 0 0 0 0 0 0 683.36084 0 0 0 0 
661.28485 0 0 0 0 0 0 0 0 0 0 0 0 0 0 661.28485 0 0 0 0 
0 0 0 0 138.90762 0 0 0 0 0 0 0 0 0 138.90762 0 0 0 0 138.90762 
0 0 0 0 140.49768 0 0 0 0 0 0 0 0 0 140.49768 0 0 0 0 140.49768 
0 412.38437 0 0 0 0 0 0 412.38437 0 0 0 412.38437 0 0 0 0 0 412.38437 0 
0 0 188.2986 188.2986 0 188.2986 188.2986 188.2986 0 188.2986 188.2986 188.2986 0 188.2986 0 0 188.2986 188.2986 0 0 
0 658.0965 0 0 0 0 0 0 658.0965 0 0 0 658.0965 0 0 0 0 0 658.0965 0 
0 0 390.384 390.384 0 390.384 390.384 390.384 0 390.384 390.384 390.384 0 390.384 0 0 390.384 390.384 0 0 
0 383.94727 0 0 0 0 0 0 383.94727 0 0 0 383.94727 0 0 0 0 0 383.94727 0 
302.78958 0 0 0 0 0 0 0 0 0 0 0 0 0 0 302.78958 0 0 0 0 
0 0 568.9181 568.9181 0 568.9181 568.9181 568.9181 0 568.9181 568.9181 568.9181 0 568.9181 0 0 568.9181 568.9181 0 0 
0 513.3234 0 0 0 0 0 0 513.3234 0 0 0 513.3234 0 0 0 0 0 513.3234 0 
150.47383 0 0 0 0 0 0 0 0 0 0 0 0 0 0 150.47383 0 0 0 0 
537.26294 0 0 0 0 0 0 0 0 0 0 0 0 0 0 537.26294 0 0 0 0 
0 0 213.68483 213.68483 0 213.68483 213.68483 213.68483 0 213.68483 213.68483 213.68483 0 213.68483 0 0 213.68483 213.68483 0 0 
0 0 0 0 844.98126 0 0 0 0 0 0 0 0 0 844.98126 0 0 0 0 844.98126 
0 0 113.259 113.259 0 113.259 113.259 113.259 0 113.259 113.259 113.259 0 113.259 0 0 113.259 113.259 0 0 
647.89703 0 0 0 0 0 0 0 0 0 0 0 0 0 0 647.89703 0 0 0 0 
0 0 281.63895 281.63895 0 281.63895 281.63895 281.63895 0 281.63895 281.63895 281.63895 0 281.63895 0 0 281.63895 281.63895 0 0 
0 282.6437 0 0 0 0 0 0 282.6437 0 0 0 282.6437 0 0 0 0 0 282.6437 0 
0 468.78546 0 0 0 0 0 0 468.78546 0 0 0 468.78546 0 0 0 0 0 468.78546 0 
0 0 450.81406 450.81406 0 450.81406 450.81406 450.81406 0 450.81406 450.81406 450.81406 0 450.81406 0 0 450.81406 450.81406 0 0 
0 532.34436 0 0 0 0 0 0 532.34436 0 0 0 532.34436 0 0 0 0 0 532.34436 0 
279.53976 0 0 0 0 0 0 0 0 0 0 0 0 0 0 279.53976 0 0 0 0 
0 0 0 0 400.92535 0 0 0 0 0 0 0 0 0 400.92535 0 0 0 0 400.92535 
0 498.84366 0 0 0 0 0 0 498.84366 0 0 0 498.84366 0 0 0 0 0 498.84366 0 
0 701.71106 0 0 0 0 0 0 701.71106 0 0 0 701.71106 0 0 0 0 0 701.71106 0 
280.40213 0 0 0 0 0 0 0 0 0 0 0 0 0 0 280.40213 0 0 0 0 
389.91296 0 0 0 0 0 0 0 0 0 0 0 0 0 0 389.91296 0 0 0 0 
0 0 425.06946 425.06946 0 425.06946 425.06946 425.06946 0 425.06946 425.06946 425.06946 0 425.06946 0 0 425.06946 425.06946 0 0 
0 0 0 0 327.05835 0 0 0 0 0 0 0 0 0 327.05835 0 0 0 0 327.05835 
0 430.46725 0 0 0 0 0 0 430.46725 0 0 0 430.46725 0 0 0 0 0 430.46725 0 
0 71.287 0 0 0 0 0 0 71.287 0 0 0 71.287 0 0 0 0 0 71.287 0 
0 578.0346 0 0 0 0 0 0 578.0346 0 0 0 578.0346 0 0 0 0 0 578.0346 0 
0 0 0 0 277.87128 0 0 0 0 0 0 0 0 0 277.87128 0 0 0 0 277.87128 
770.0922 0 0 0 0 0 0 0 0 0 0 0 0 0 0 770.0922 0 0 0 0 
0 0 261.6515 261.6515 0 261.6515 261.6515 261.6515 0 261.6515 261.6515 261.6515 0 261.6515 0 0 261.6515 261.6515 0 0 
0 0 489.33444 489.33444 0 489.33444 489.33444 489.33444 0 489.33444 489.33444 489.33444 0 489.33444 0 0 489.33444 489.33444 0 0 
0 0 367.63193 367.63193 0 367.63193 367.63193 367.63193 0 367.63193 367.63193 367.63193 0 367.63193 0 0 367.63193 367.63193 0 0 
0 840.63074 0 0 0 0 0 0 840.63074 0 0 0 840.63074 0 0 0 0 0 840.63074 0 
804.5991 0 0 0 0 0 0 0 0 0 0 0 0 0 0 804.5991 0 0 0 0 
0 0 664.82806 664.82806 0 664.82806 664.82806 664.82806 0 664.82806 664.82806 664.82806 0 664.82806 0 0 664.82806 664.82806 0 0 
0 497.42407 0 0 0 0 0 0 497.42407 0 0 0 497.42407 0 0 0 0 0 497.42407 0 
0 0 343.3532 343.3532 0 343.3532 343.3532 343.3532 0 343.3532 343.3532 343.3532 0 343.3532 0 0 343.3532 343.3532 0 0 
508.42084 0 0 0 0 0 0 0 0 0 0 0 0 0 0 508.42084 0 0 0 0 
0 0 824.1128 824.1128 0 824.1128 824.1128 824.1128 0 824.1128 824.1128 824.1128 0 824.1128 0 0 824.1128 824.1128 0 0 
0 243.53366 0 0 0 0 0 0 243.53366 0 0 0 243.53366 0 0 0 0 0 243.53366 0 
477.20145 0 0 0 0 0 0 0 0 0 0 0 0 0 0 477.20145 0 0 0 0 
0 0 160.82672 160.82672 0 160.82672 160.82672 160.82672 0 160.82672 160.82672 160.82672 0 160.82672 0 0 160.82672 160.82672 0 0 
0 0 289.53864 289.53864 0 289.53864 289.53864 289.53864 0 289.53864 289.53864 289.53864 0 289.53864 0 0 289.53864 289.53864 0 0 
0 400.71167 0 0 0 0 0 0 400.71167 0 0 0 400.71167 0 0 0 0 0 400.71167 0 
206.77187 0 0 0 0 0 0 0 0 0 0 0 0 0 0 206.77187 0 0 0 0 
0 0 481.48798 481.48798 0 481.48798 481.48798 481.48798 0 481.48798 481.48798 481.48798 0 481.48798 0 0 481.48798 481.48798 0 0 
112.900894 0 0 0 0 0 0 0 0 0 0 0 0 0 0 112.900894 0 0 0 0 
0 255.20468 0 0 0 0 0 0 255.20468 0 0 0 255.20468 0 0 0 0 0 255.20468 0 
0 157.17845 0 0 0 0 0 0 157.17845 0 0 0 157.17845 0 0 0 0 0 157.17845 0 
158.52628 0 0 0 0 0 0 0 0 0 0 0 0 0 0 158.52628 0 0 0 0 
0 0 0 0 221.22594 0 0 0 0 0 0 0 0 0 221.22594 0 0 0 0 221.22594 
0 0 210.18253 210.18253 0 210.18253 210.18253 210.18253 0 210.18253 210.18253 210.18253 0 210.18253 0 0 210.18253 210.18253 0 0 
208.1338 0 0 0 0 0 0 0 0 0 0 0 0 0 0 208.1338 0 0 0 0 
0 631.2042 0 0 0 0 0 0 631.2042 0 0 0 631.2042 0 0 0 0 0 631.2042 0 
0 0 955.1505 955.1505 0 955.1505 955.1505 955.1505 0 955.1505 955.1505 955.1505 0 955.1505 0 0 955.1505 955.1505 0 0 
0 0 208.94087 208.94087 0 208.94087 208.94087 208.94087 0 208.94087 208.94087 208.94087 0 208.94087 0 0 208.94087 208.94087 0 0 
0 0 550.5583 550.5583 0 550.5583 550.5583 550.5583 0 550.5583 550.5583 550.5583 0 550.5583 0 0 550.5583 550.5583 0 0 
521.11914 0 0 0 0 0 0 0 0 0 0 0 0 0 0 521.11914 0 0 0 0 
0 0 507.60855 507.60855 0 507.60855 507.60855 507.60855 0 507.60855 507.60855 507.60855 0 507.60855 0 0 507.60855 507.60855 0 0 
464.185 0 0 0 0 0 0 0 0 0 0 0 0 0 0 464.185 0 0 0 0 
0 0 450.0851 450.0851 0 450.0851 450.0851 450.0851 0 450.0851 450.0851 450.0851 0 450.0851 0 0 450.0851 450.0851 0 0 
0 956.42883 0 0 0 0 0 0 956.42883 0 0 0 956.42883 0 0 0 0 0 956.42883 0 
0 0 444.56238 444.56238 0 444.56238 444.56238 444.56238 0 444.56238 444.56238 444.56238 0 444.56238 0 0 444.56238 444.56238 0 0 
0 0 217.95639 217.95639 0 217.95639 217.95639 217.95639 0 217.95639 217.95639 217.95639 0 217.95639 0 0 217.95639 217.95639 0 0 
929.5079 0 0 0 0 0 0 0 0 0 0 0 0 0 0 929.5079 0 0 0 0 
0 0 598.8557 598.8557 0 598.8557 598.8557 598.8557 0 598.8557 598.8557 598.8557 0 598.8557 0 0 598.8557 598.8557 0 0 
0 0 121.77442 121.77442 0 121.77442 121.77442 121.77442 0 121.77442 121.77442 121.77442 0 121.77442 0 0 121.77442 121.77442 0 0 
442.6402 0 0 0 0 0 0 0 0 0 0 0 0 0 0 442.6402 0 0 0 0 
0 700.0829 0 0 0 0 0 0 700.0829 0 0 0 700.0829 0 0 0 0 0 700.0829 0 
0 173.44156 0 0 0 0 0 0 173.44156 0 0 0 173.44156 0 0 0 0 0 173.44156 0 
0 0 0 0 550.60065 0 0 0 0 0 0 0 0 0 550.60065 0 0 0 0 550.60065 
0 353.99155 0 0 0 0 0 0 353.99155 0 0 0 353.99155 0 0 0 0 0 353.99155 0 
0 278.16547 0 0 0 0 0 0 278.16547 0 0 0 278.16547 0 0 0 0 0 278.16547 0 
0 365.7905 0 0 0 0 0 0 365.7905 0 0 0 365.7905 0 0 0 0 0 365.7905 0 
0 0 0 0 201.58218 0 0 0 0 0 0 0 0 0 201.58218 0 0 0 0 201.58218 
0 417.9162 0 0 0 0 0 0 417.9162 0 0 0 417.9162 0 0 0 0 0 417.9162 0 
930.6047 0 0 0 0 0 0 0 0 0 0 0 0 0 0 930.6047 0 0 0 0 
0 264.47263 0 0 0 0 0 0 264.47263 0 0 0 264.47263 0 0 0 0 0 264.47263 0 
319.37213 0 0 0 0 0 0 0 0 0 0 0 0 0 0 319.37213 0 0 0 0 
0 0 730.20605 730.20605 0 730.20605 730.20605 730.20605 0 730.20605 730.20605 730.20605 0 730.20605 0 0 730.20605 730.20605 0 0 
0 0 364.89197 364.89197 0 364.89197 364.89197 364.89197 0 364.89197 364.89197 364.89197 0 364.89197 0 0 364.89197 364.89197 0 0 
0 0 0 0 622.8994 0 0 0 0 0 0 0 0 0 622.8994 0 0 0 0 622.8994 
71.840675 0 0 0 0 0 0 0 0 0 0 0 0 0 0 71.840675 0 0 0 0 
511.30194 0 0 0 0 0 0 0 0 0 0 0 0 0 0 511.30194 0 0 0 0 
278.99637 0 0 0 0 0 0 0 0 0 0 0 0 0 0 278.99637 0 0 0 0 
0 449.99432 0 0 0 0 0 0 449.99432 0 0 0 449.99432 0 0 0 0 0 449.99432 0 
138.86592 0 0 0 0 0 0 0 0 0 0 0 0 0 0 138.86592 0 0 0 0 
0 247.27545 0 0 0 0 0 0 247.27545 0 0 0 247.27545 0 0 0 0 0 247.27545 0 
869.0786 0 0 0 0 0 0 0 0 0 0 0 0 0 0 869.0786 0 0 0 0 
0 0 163.74388 163.74388 0 163.74388 163.74388 163.74388 0 163.74388 163.74388 163.74388 0 163.74388 0 0 163.74388 163.74388 0 0 
0 0 0 0 138.54092 0 0 0 0 0 0 0 0 0 138.54092 0 0 0 0 138.54092 
0 384.31784 0 0 0 0 0 0 384.31784 0 0 0 384.31784 0 0 0 0 0 384.31784 0 
214.60971 0 0 0 0 0 0 0 0 0 0 0 0 0 0 214.60971 0 0 0 0 
0 113.40547 0 0 0 0 0 0 113.40547 0 0 0 113.40547 0 0 0 0 0 113.40547 0 
473.54456 0 0 0 0 0 0 0 0 0 0 0 0 0 0 473.54456 0 0 0 0 
367.4594 0 0 0 0 0 0 0 0 0 0 0 0 0 0 367.4594 0 0 0 0 
0 0 0 0 383.6401 0 0 0 0 0 0 0 0 0 383.6401 0 0 0 0 383.6401 
0 0 702.1127 702.1127 0 702.1127 702.1127 702.1127 0 702.1127 702.1127 702.1127 0 702.1127 0 0 702.1127 702.1127 0 0 
0 0 0 0 537.23083 0 0 0 0 0 0 0 0 0 537.23083 0 0 0 0 537.23083 
0 0 900.97076 900.97076 0 900.97076 900.97076 900.97076 0 900.97076 900.97076 900.97076 0 900.97076 0 0 900.97076 900.97076 0 0 
0 0 0 0 103.885345 0 0 0 0 0 0 0 0 0 103.885345 0 0 0 0 103.885345 
0 0 586.54193 586.54193 0 586.54193 586.54193 586.54193 0 586.54193 586.54193 586.54193 0 586.54193 0 0 586.54193 586.54193 0 0 
43.213596 0 0 0 0 0 0 0 0 0 0 0 0 0 0 43.213596 0 0 0 0 
0 0 0 0 352.3609 0 0 0 0 0 0 0 0 0 352.3609 0 0 0 0 352.3609 
0 0 615.22833 615.22833 0 615.22833 615.22833 615.22833 0 615.22833 615.22833 615.22833 0 615.22833 0 0 615.22833 615.22833 0 0 
0 0 0 0 439.10165 0 0 0 0 0 0 0 0 0 439.10165 0 0 0 0 439.10165 
0 174.87865 0 0 0 0 0 0 174.87865 0 0 0 174.87865 0 0 0 0 0 174.87865 0 
0 0 512.91327 512.91327 0 512.91327 512.91327 512.91327 0 512.91327 512.91327 512.91327 0 512.91327 0 0 512.91327 512.91327 0 0 
0 179.18579 0 0 0 0 0 0 179.18579 0 0 0 179.18579 0 0 0 0 0 179.18579 0 
324.44214 0 0 0 0 0 0 0 0 0 0 0 0 0 0 324.44214 0 0 0 0 
0 0 410.0113 410.0113 0 410.0113 410.0113 410.0113 0 410.0113 410.0113 410.0113 0 410.0113 0 0 410.0113 410.0113 0 0 
895.6203 0 0 0 0 0 0 0 0 0 0 0 0 0 0 895.6203 0 0 0 0 
0 351.46588 0 0 0 0 0 0 351.46588 0 0 0 351.46588 0 0 0 0 0 351.46588 0 
0 904.4273 0 0 0 0 0 0 904.4273 0 0 0 904.4273 0 0 0 0 0 904.4273 0 
0 0 223.48836 223.48836 0 223.48836 223.48836 223.48836 0 223.48836 223.48836 223.48836 0 223.48836 0 0 223.48836 223.48836 0 0 
0 958.9924 0 0 0 0 0 0 958.9924 0 0 0 958.9924 0 0 0 0 0 958.9924 0 
0 0 0 0 436.87134 0 0 0 0 0 0 0 0 0 436.87134 0 0 0 0 436.87134 
149.43793 0 0 0 0 0 0 0 0 0 0 0 0 0 0 149.43793 0 0 0 0 
0 0 0 0 424.3984 0 0 0 0 0 0 0 0 0 424.3984 0 0 0 0 424.3984 
552.18884 0 0 0 0 0 0 0 0 0 0 0 0 0 0 552.18884 0 0 0 0 
0 0 332.883 332.883 0 332.883 332.883 332.883 0 332.883 332.883 332.883 0 332.883 0 0 332.883 332.883 0 0 
0 254.4068 0 0 0 0 0 0 254.4068 0 0 0 254.4068 0 0 0 0 0 254.4068 0 
0 419.97086 0 0 0 0 0 0 419.97086 0 0 0 419.97086 0 0 0 0 0 419.97086 0 
637.2109 0 0 0 0 0 0 0 0 0 0 0 0 0 0 637.2109 0 0 0 0 
650.1152 0 0 0 0 0 0 0 0 0 0 0 0 0 0 650.1152 0 0 0 0 
315.20786 0 0 0 0 0 0 0 0 0 0 0 0 0 0 315.20786 0 0 0 0 
0 0 0 0 218.31732 0 0 0 0 0 0 0 0 0 218.31732 0 0 0 0 218.31732 
0 153.13206 0 0 0 0 0 0 153.13206 0 0 0 153.13206 0 0 0 0 0 153.13206 0 
0 0 0 0 546.58014 0 0 0 0 0 0 0 0 0 546.58014 0 0 0 0 546.58014 
0 770.37585 0 0 0 0 0 0 770.37585 0 0 0 770.37585 0 0 0 0 0 770.37585 0 
0 0 758.463 758.463 0 758.463 758.463 758.463 0 758.463 758.463 758.463 0 758.463 0 0 758.463 758.463 0 0 
0 542.0698 0 0 0 0 0 0 542.0698 0 0 0 542.0698 0 0 0 0 0 542.0698 0 
228.2028 0 0 0 0 0 0 0 0 0 0 0 0 0 0 228.2028 0 0 0 0 
0 345.22256 0 0 0 0 0 0 345.22256 0 0 0 345.22256 0 0 0 0 0 345.22256 0 
0 0 0 0 421.9314 0 0 0 0 0 0 0 0 0 421.9314 0 0 0 0 421.9314 
0 0 0 0 455.5306 0 0 0 0 0 0 0 0 0 455.5306 0 0 0 0 455.5306 
382.03873 0 0 0 0 0 0 0 0 0 0 0 0 0 0 382.03873 0 0 0 0 
161.47122 0 0 0 0 0 0 0 0 0 0 0 0 0 0 161.47122 0 0 0 0 
0 0 0 0 496.70593 0 0 0 0 0 0 0 0 0 496.70593 0 0 0 0 496.70593 
