250 15
4 4 5 2 8 6 8 6 7 3 4 5 4 2 4 
9 12 14 5 16 12 16 13 14 9 10 13 9 5 12 
0.46 0.13 0.18 0.03 0.26 0.86 0.58 0.15 0.92 0.35 0.36 0.76 0.02 0.64 0.18 
1 1 2 0 3 2 3 2 2 1 1 2 1 0 1 
0.55 1.00 1.00 0.27 0.81 1.00 0.67 0.19 1.00 0.59 0.64 1.00 0.28 1.00 0.24 
0 0 1 0 1 1 1 1 1 0 0 1 0 0 0 
0 0 0 0 0 4.82 0 4.82 0 0 0 4.82 0 0 0 
4.59 4.59 0 4.59 0 0 0 0 0 0 0 0 4.59 0 0 
0 0 0 0 0 0 0 0 3.57 3.57 0 0 0 3.57 0 
0 0 0 0 0 2.91 0 2.91 0 0 0 2.91 0 0 0 
0 0 0 0 0 0 0 0 1.46 1.46 0 0 0 1.46 0 
2.69 2.69 0 2.69 0 0 0 0 0 0 0 0 2.69 0 0 
3.76 3.76 0 3.76 0 0 0 0 0 0 0 0 3.76 0 0 
0 0 0 0 0 2.88 0 2.88 0 0 0 2.88 0 0 0 
0 0 1.28 0 1.28 0 1.28 0 0 0 1.28 0 0 0 1.28 
0 0 0 0 0 0 0 0 5.33 5.33 0 0 0 5.33 0 
3.55 3.55 0 3.55 0 0 0 0 0 0 0 0 3.55 0 0 
2.49 2.49 0 2.49 0 0 0 0 0 0 0 0 2.49 0 0 
5.57 5.57 0 5.57 0 0 0 0 0 0 0 0 5.57 0 0 
0 0 3.50 0 3.50 0 3.50 0 0 0 3.50 0 0 0 3.50 
0 0 4.45 0 4.45 0 4.45 0 0 0 4.45 0 0 0 4.45 
0 0 0 0 0 0 0 0 5.20 5.20 0 0 0 5.20 0 
0 0 4.60 0 4.60 0 4.60 0 0 0 4.60 0 0 0 4.60 
5.00 5.00 0 5.00 0 0 0 0 0 0 0 0 5.00 0 0 
0 0 2.98 0 2.98 0 2.98 0 0 0 2.98 0 0 0 2.98 
0 0 0 0 0 0 0 0 3.17 3.17 0 0 0 3.17 0 
5.92 5.92 0 5.92 0 0 0 0 0 0 0 0 5.92 0 0 
1.53 1.53 0 1.53 0 0 0 0 0 0 0 0 1.53 0 0 
0 0 0 0 0 0 0 0 2.52 2.52 0 0 0 2.52 0 
0 0 0 0 0 3.03 0 3.03 0 0 0 3.03 0 0 0 
4.06 4.06 0 4.06 0 0 0 0 0 0 0 0 4.06 0 0 
0 0 3.84 0 3.84 0 3.84 0 0 0 3.84 0 0 0 3.84 
0 0 5.38 0 5.38 0 5.38 0 0 0 5.38 0 0 0 5.38 
0 0 5.63 0 5.63 0 5.63 0 0 0 5.63 0 0 0 5.63 
0 0 5.47 0 5.47 0 5.47 0 0 0 5.47 0 0 0 5.47 
0 0 0 0 0 0 0 0 5.34 5.34 0 0 0 5.34 0 
0 0 1.77 0 1.77 0 1.77 0 0 0 1.77 0 0 0 1.77 
0 0 1.87 0 1.87 0 1.87 0 0 0 1.87 0 0 0 1.87 
0 0 4.29 0 4.29 0 4.29 0 0 0 4.29 0 0 0 4.29 
0 0 0 0 0 0 0 0 5.70 5.70 0 0 0 5.70 0 
0 0 0 0 0 0 0 0 1.75 1.75 0 0 0 1.75 0 
0 0 0 0 0 4.34 0 4.34 0 0 0 4.34 0 0 0 
0 0 2.84 0 2.84 0 2.84 0 0 0 2.84 0 0 0 2.84 
0 0 0 0 0 5.80 0 5.80 0 0 0 5.80 0 0 0 
4.72 4.72 0 4.72 0 0 0 0 0 0 0 0 4.72 0 0 
0 0 1.83 0 1.83 0 1.83 0 0 0 1.83 0 0 0 1.83 
0 0 0 0 0 5.34 0 5.34 0 0 0 5.34 0 0 0 
0 0 2.12 0 2.12 0 2.12 0 0 0 2.12 0 0 0 2.12 
0 0 0 0 0 0 0 0 2.94 2.94 0 0 0 2.94 0 
0 0 0 0 0 1.46 0 1.46 0 0 0 1.46 0 0 0 
4.15 4.15 0 4.15 0 0 0 0 0 0 0 0 4.15 0 0 
0 0 0 0 0 0 0 0 3.37 3.37 0 0 0 3.37 0 
0 0 1.75 0 1.75 0 1.75 0 0 0 1.75 0 0 0 1.75 
0 0 0 0 0 1.35 0 1.35 0 0 0 1.35 0 0 0 
0 0 0 0 0 5.68 0 5.68 0 0 0 5.68 0 0 0 
0 0 0 0 0 4.49 0 4.49 0 0 0 4.49 0 0 0 
4.38 4.38 0 4.38 0 0 0 0 0 0 0 0 4.38 0 0 
0 0 0 0 0 4.31 0 4.31 0 0 0 4.31 0 0 0 
1.58 1.58 0 1.58 0 0 0 0 0 0 0 0 1.58 0 0 
0 0 0 0 0 3.03 0 3.03 0 0 0 3.03 0 0 0 
0 0 2.79 0 2.79 0 2.79 0 0 0 2.79 0 0 0 2.79 
1.54 1.54 0 1.54 0 0 0 0 0 0 0 0 1.54 0 0 
1.14 1.14 0 1.14 0 0 0 0 0 0 0 0 1.14 0 0 
5.82 5.82 0 5.82 0 0 0 0 0 0 0 0 5.82 0 0 
0 0 4.06 0 4.06 0 4.06 0 0 0 4.06 0 0 0 4.06 
0 0 0 0 0 0 0 0 3.50 3.50 0 0 0 3.50 0 
0 0 0 0 0 0 0 0 2.70 2.70 0 0 0 2.70 0 
0 0 0 0 0 3.64 0 3.64 0 0 0 3.64 0 0 0 
0 0 3.51 0 3.51 0 3.51 0 0 0 3.51 0 0 0 3.51 
0 0 0 0 0 3.70 0 3.70 0 0 0 3.70 0 0 0 
0 0 0 0 0 4.56 0 4.56 0 0 0 4.56 0 0 0 
0 0 0 0 0 0 0 0 5.02 5.02 0 0 0 5.02 0 
0 0 0 0 0 0 0 0 1.27 1.27 0 0 0 1.27 0 
0 0 0 0 0 0 0 0 4.61 4.61 0 0 0 4.61 0 
0 0 0 0 0 0 0 0 5.64 5.64 0 0 0 5.64 0 
5.56 5.56 0 5.56 0 0 0 0 0 0 0 0 5.56 0 0 
3.76 3.76 0 3.76 0 0 0 0 0 0 0 0 3.76 0 0 
0 0 0 0 0 0 0 0 3.89 3.89 0 0 0 3.89 0 
0 0 0 0 0 1.87 0 1.87 0 0 0 1.87 0 0 0 
0 0 0 0 0 0 0 0 2.64 2.64 0 0 0 2.64 0 
0 0 4.68 0 4.68 0 4.68 0 0 0 4.68 0 0 0 4.68 
0 0 0 0 0 0 0 0 3.02 3.02 0 0 0 3.02 0 
0 0 0 0 0 1.56 0 1.56 0 0 0 1.56 0 0 0 
0 0 5.98 0 5.98 0 5.98 0 0 0 5.98 0 0 0 5.98 
0 0 0 0 0 0 0 0 2.76 2.76 0 0 0 2.76 0 
0 0 0 0 0 4.41 0 4.41 0 0 0 4.41 0 0 0 
1.66 1.66 0 1.66 0 0 0 0 0 0 0 0 1.66 0 0 
0 0 0 0 0 0 0 0 3.56 3.56 0 0 0 3.56 0 
0 0 4.61 0 4.61 0 4.61 0 0 0 4.61 0 0 0 4.61 
0 0 0 0 0 2.48 0 2.48 0 0 0 2.48 0 0 0 
0 0 0 0 0 0 0 0 2.10 2.10 0 0 0 2.10 0 
0 0 0 0 0 0 0 0 3.04 3.04 0 0 0 3.04 0 
1.21 1.21 0 1.21 0 0 0 0 0 0 0 0 1.21 0 0 
0 0 0 0 0 0 0 0 3.59 3.59 0 0 0 3.59 0 
0 0 0 0 0 0 0 0 1.48 1.48 0 0 0 1.48 0 
0 0 0 0 0 3.16 0 3.16 0 0 0 3.16 0 0 0 
5.58 5.58 0 5.58 0 0 0 0 0 0 0 0 5.58 0 0 
4.18 4.18 0 4.18 0 0 0 0 0 0 0 0 4.18 0 0 
0 0 5.77 0 5.77 0 5.77 0 0 0 5.77 0 0 0 5.77 
5.94 5.94 0 5.94 0 0 0 0 0 0 0 0 5.94 0 0 
0 0 2.37 0 2.37 0 2.37 0 0 0 2.37 0 0 0 2.37 
0 0 0 0 0 0 0 0 1.34 1.34 0 0 0 1.34 0 
5.57 5.57 0 5.57 0 0 0 0 0 0 0 0 5.57 0 0 
0 0 0 0 0 4.65 0 4.65 0 0 0 4.65 0 0 0 
0 0 0 0 0 0 0 0 1.58 1.58 0 0 0 1.58 0 
4.74 4.74 0 4.74 0 0 0 0 0 0 0 0 4.74 0 0 
3.41 3.41 0 3.41 0 0 0 0 0 0 0 0 3.41 0 0 
0 0 4.44 0 4.44 0 4.44 0 0 0 4.44 0 0 0 4.44 
0 0 0 0 0 0 0 0 4.92 4.92 0 0 0 4.92 0 
0 0 4.25 0 4.25 0 4.25 0 0 0 4.25 0 0 0 4.25 
0 0 0 0 0 4.67 0 4.67 0 0 0 4.67 0 0 0 
0 0 0 0 0 0 0 0 1.96 1.96 0 0 0 1.96 0 
0 0 0 0 0 0 0 0 2.57 2.57 0 0 0 2.57 0 
0 0 0 0 0 2.19 0 2.19 0 0 0 2.19 0 0 0 
0 0 4.11 0 4.11 0 4.11 0 0 0 4.11 0 0 0 4.11 
0 0 0 0 0 0 0 0 2.54 2.54 0 0 0 2.54 0 
0 0 1.87 0 1.87 0 1.87 0 0 0 1.87 0 0 0 1.87 
5.25 5.25 0 5.25 0 0 0 0 0 0 0 0 5.25 0 0 
0 0 5.03 0 5.03 0 5.03 0 0 0 5.03 0 0 0 5.03 
3.18 3.18 0 3.18 0 0 0 0 0 0 0 0 3.18 0 0 
0 0 0 0 0 0 0 0 2.17 2.17 0 0 0 2.17 0 
0 0 0 0 0 0 0 0 5.86 5.86 0 0 0 5.86 0 
4.38 4.38 0 4.38 0 0 0 0 0 0 0 0 4.38 0 0 
0 0 2.19 0 2.19 0 2.19 0 0 0 2.19 0 0 0 2.19 
0 0 6.00 0 6.00 0 6.00 0 0 0 6.00 0 0 0 6.00 
0 0 0 0 0 0 0 0 4.15 4.15 0 0 0 4.15 0 
4.89 4.89 0 4.89 0 0 0 0 0 0 0 0 4.89 0 0 
0 0 1.36 0 1.36 0 1.36 0 0 0 1.36 0 0 0 1.36 
0 0 0 0 0 2.60 0 2.60 0 0 0 2.60 0 0 0 
0 0 0 0 0 0 0 0 1.93 1.93 0 0 0 1.93 0 
0 0 0 0 0 0 0 0 4.39 4.39 0 0 0 4.39 0 
0 0 4.35 0 4.35 0 4.35 0 0 0 4.35 0 0 0 4.35 
3.63 3.63 0 3.63 0 0 0 0 0 0 0 0 3.63 0 0 
0 0 0 0 0 0 0 0 1.46 1.46 0 0 0 1.46 0 
0 0 0 0 0 0 0 0 3.07 3.07 0 0 0 3.07 0 
0 0 5.43 0 5.43 0 5.43 0 0 0 5.43 0 0 0 5.43 
0 0 0 0 0 4.24 0 4.24 0 0 0 4.24 0 0 0 
0 0 0 0 0 0 0 0 2.75 2.75 0 0 0 2.75 0 
1.51 1.51 0 1.51 0 0 0 0 0 0 0 0 1.51 0 0 
0 0 0 0 0 5.79 0 5.79 0 0 0 5.79 0 0 0 
0 0 4.66 0 4.66 0 4.66 0 0 0 4.66 0 0 0 4.66 
0 0 4.40 0 4.40 0 4.40 0 0 0 4.40 0 0 0 4.40 
0 0 0 0 0 0 0 0 5.33 5.33 0 0 0 5.33 0 
0 0 0 0 0 0 0 0 5.31 5.31 0 0 0 5.31 0 
0 0 3.42 0 3.42 0 3.42 0 0 0 3.42 0 0 0 3.42 
0 0 4.55 0 4.55 0 4.55 0 0 0 4.55 0 0 0 4.55 
2.58 2.58 0 2.58 0 0 0 0 0 0 0 0 2.58 0 0 
0 0 0 0 0 1.32 0 1.32 0 0 0 1.32 0 0 0 
0 0 0 0 0 0 0 0 3.09 3.09 0 0 0 3.09 0 
0 0 5.06 0 5.06 0 5.06 0 0 0 5.06 0 0 0 5.06 
0 0 0 0 0 5.64 0 5.64 0 0 0 5.64 0 0 0 
0 0 0 0 0 0 0 0 1.54 1.54 0 0 0 1.54 0 
0 0 3.32 0 3.32 0 3.32 0 0 0 3.32 0 0 0 3.32 
3.82 3.82 0 3.82 0 0 0 0 0 0 0 0 3.82 0 0 
0 0 0 0 0 0 0 0 2.50 2.50 0 0 0 2.50 0 
0 0 2.51 0 2.51 0 2.51 0 0 0 2.51 0 0 0 2.51 
3.53 3.53 0 3.53 0 0 0 0 0 0 0 0 3.53 0 0 
0 0 0 0 0 1.92 0 1.92 0 0 0 1.92 0 0 0 
0 0 0 0 0 5.68 0 5.68 0 0 0 5.68 0 0 0 
1.03 1.03 0 1.03 0 0 0 0 0 0 0 0 1.03 0 0 
4.09 4.09 0 4.09 0 0 0 0 0 0 0 0 4.09 0 0 
0 0 0 0 0 4.64 0 4.64 0 0 0 4.64 0 0 0 
0 0 0 0 0 0 0 0 3.22 3.22 0 0 0 3.22 0 
0 0 0 0 0 0 0 0 4.95 4.95 0 0 0 4.95 0 
0 0 0 0 0 0 0 0 5.55 5.55 0 0 0 5.55 0 
0 0 0 0 0 2.34 0 2.34 0 0 0 2.34 0 0 0 
2.04 2.04 0 2.04 0 0 0 0 0 0 0 0 2.04 0 0 
0 0 0 0 0 1.81 0 1.81 0 0 0 1.81 0 0 0 
0 0 0 0 0 0 0 0 4.55 4.55 0 0 0 4.55 0 
4.78 4.78 0 4.78 0 0 0 0 0 0 0 0 4.78 0 0 
0 0 3.15 0 3.15 0 3.15 0 0 0 3.15 0 0 0 3.15 
0 0 0 0 0 0 0 0 2.65 2.65 0 0 0 2.65 0 
3.62 3.62 0 3.62 0 0 0 0 0 0 0 0 3.62 0 0 
0 0 4.79 0 4.79 0 4.79 0 0 0 4.79 0 0 0 4.79 
0 0 1.96 0 1.96 0 1.96 0 0 0 1.96 0 0 0 1.96 
0 0 0 0 0 0 0 0 5.73 5.73 0 0 0 5.73 0 
0 0 4.03 0 4.03 0 4.03 0 0 0 4.03 0 0 0 4.03 
0 0 0 0 0 5.24 0 5.24 0 0 0 5.24 0 0 0 
0 0 3.54 0 3.54 0 3.54 0 0 0 3.54 0 0 0 3.54 
0 0 0 0 0 4.23 0 4.23 0 0 0 4.23 0 0 0 
0 0 2.11 0 2.11 0 2.11 0 0 0 2.11 0 0 0 2.11 
0 0 0 0 0 0 0 0 5.72 5.72 0 0 0 5.72 0 
0 0 0 0 0 0 0 0 4.76 4.76 0 0 0 4.76 0 
4.58 4.58 0 4.58 0 0 0 0 0 0 0 0 4.58 0 0 
0 0 0 0 0 0 0 0 4.36 4.36 0 0 0 4.36 0 
0 0 3.64 0 3.64 0 3.64 0 0 0 3.64 0 0 0 3.64 
0 0 4.39 0 4.39 0 4.39 0 0 0 4.39 0 0 0 4.39 
0 0 0 0 0 1.81 0 1.81 0 0 0 1.81 0 0 0 
0 0 0 0 0 5.72 0 5.72 0 0 0 5.72 0 0 0 
0 0 2.51 0 2.51 0 2.51 0 0 0 2.51 0 0 0 2.51 
0 0 0 0 0 0 0 0 2.02 2.02 0 0 0 2.02 0 
0 0 1.11 0 1.11 0 1.11 0 0 0 1.11 0 0 0 1.11 
0 0 2.94 0 2.94 0 2.94 0 0 0 2.94 0 0 0 2.94 
0 0 3.50 0 3.50 0 3.50 0 0 0 3.50 0 0 0 3.50 
3.91 3.91 0 3.91 0 0 0 0 0 0 0 0 3.91 0 0 
0 0 0 0 0 4.92 0 4.92 0 0 0 4.92 0 0 0 
0 0 0 0 0 0 0 0 2.09 2.09 0 0 0 2.09 0 
4.88 4.88 0 4.88 0 0 0 0 0 0 0 0 4.88 0 0 
0 0 0 0 0 0 0 0 1.31 1.31 0 0 0 1.31 0 
0 0 0 0 0 2.90 0 2.90 0 0 0 2.90 0 0 0 
0 0 0 0 0 0 0 0 4.39 4.39 0 0 0 4.39 0 
0 0 2.52 0 2.52 0 2.52 0 0 0 2.52 0 0 0 2.52 
0 0 0 0 0 1.72 0 1.72 0 0 0 1.72 0 0 0 
0 0 0 0 0 0 0 0 2.75 2.75 0 0 0 2.75 0 
4.61 4.61 0 4.61 0 0 0 0 0 0 0 0 4.61 0 0 
0 0 3.58 0 3.58 0 3.58 0 0 0 3.58 0 0 0 3.58 
4.17 4.17 0 4.17 0 0 0 0 0 0 0 0 4.17 0 0 
2.97 2.97 0 2.97 0 0 0 0 0 0 0 0 2.97 0 0 
0 0 0 0 0 4.30 0 4.30 0 0 0 4.30 0 0 0 
4.21 4.21 0 4.21 0 0 0 0 0 0 0 0 4.21 0 0 
0 0 2.03 0 2.03 0 2.03 0 0 0 2.03 0 0 0 2.03 
4.60 4.60 0 4.60 0 0 0 0 0 0 0 0 4.60 0 0 
0 0 4.64 0 4.64 0 4.64 0 0 0 4.64 0 0 0 4.64 
0 0 0 0 0 0 0 0 1.45 1.45 0 0 0 1.45 0 
0 0 0 0 0 5.31 0 5.31 0 0 0 5.31 0 0 0 
0 0 0 0 0 0 0 0 2.70 2.70 0 0 0 2.70 0 
0 0 0 0 0 0 0 0 5.05 5.05 0 0 0 5.05 0 
3.61 3.61 0 3.61 0 0 0 0 0 0 0 0 3.61 0 0 
0 0 4.77 0 4.77 0 4.77 0 0 0 4.77 0 0 0 4.77 
0 0 0 0 0 0 0 0 4.29 4.29 0 0 0 4.29 0 
0 0 3.62 0 3.62 0 3.62 0 0 0 3.62 0 0 0 3.62 
2.94 2.94 0 2.94 0 0 0 0 0 0 0 0 2.94 0 0 
0 0 1.49 0 1.49 0 1.49 0 0 0 1.49 0 0 0 1.49 
0 0 0 0 0 3.47 0 3.47 0 0 0 3.47 0 0 0 
0 0 0 0 0 0 0 0 4.70 4.70 0 0 0 4.70 0 
0 0 0 0 0 3.86 0 3.86 0 0 0 3.86 0 0 0 
0 0 0 0 0 3.36 0 3.36 0 0 0 3.36 0 0 0 
0 0 1.01 0 1.01 0 1.01 0 0 0 1.01 0 0 0 1.01 
0 0 0 0 0 0 0 0 1.86 1.86 0 0 0 1.86 0 
0 0 4.84 0 4.84 0 4.84 0 0 0 4.84 0 0 0 4.84 
0 0 0 0 0 4.53 0 4.53 0 0 0 4.53 0 0 0 
0 0 4.87 0 4.87 0 4.87 0 0 0 4.87 0 0 0 4.87 
0 0 1.36 0 1.36 0 1.36 0 0 0 1.36 0 0 0 1.36 
0 0 0 0 0 0 0 0 1.92 1.92 0 0 0 1.92 0 
0 0 0 0 0 0 0 0 4.33 4.33 0 0 0 4.33 0 
0 0 0 0 0 4.75 0 4.75 0 0 0 4.75 0 0 0 
0 0 0 0 0 1.94 0 1.94 0 0 0 1.94 0 0 0 
0 0 1.79 0 1.79 0 1.79 0 0 0 1.79 0 0 0 1.79 
0 0 0 0 0 0 0 0 4.25 4.25 0 0 0 4.25 0 
0 0 3.67 0 3.67 0 3.67 0 0 0 3.67 0 0 0 3.67 
0 0 0 0 0 0 0 0 1.70 1.70 0 0 0 1.70 0 
0 0 2.70 0 2.70 0 2.70 0 0 0 2.70 0 0 0 2.70 
0 0 0 0 0 5.39 0 5.39 0 0 0 5.39 0 0 0 
0 0 1.27 0 1.27 0 1.27 0 0 0 1.27 0 0 0 1.27 
0 0 0 0 0 0 0 0 1.01 1.01 0 0 0 1.01 0 
0 0 1.70 0 1.70 0 1.70 0 0 0 1.70 0 0 0 1.70 
0 0 0 0 0 3.40 0 3.40 0 0 0 3.40 0 0 0 
0 0 0 0 0 0 0 0 3.74 3.74 0 0 0 3.74 0 
0 0 3.40 0 3.40 0 3.40 0 0 0 3.40 0 0 0 3.40 
0 0 0 0 0 2.30 0 2.30 0 0 0 2.30 0 0 0 
0 0 4.37 0 4.37 0 4.37 0 0 0 4.37 0 0 0 4.37 
0 0 2.45 0 2.45 0 2.45 0 0 0 2.45 0 0 0 2.45 
0 0 0 0 0 2.38 0 2.38 0 0 0 2.38 0 0 0 
0 0 2.30 0 2.30 0 2.30 0 0 0 2.30 0 0 0 2.30 
2.97 2.97 0 2.97 0 0 0 0 0 0 0 0 2.97 0 0 
0 0 0 0 0 0 0 0 3.63 3.63 0 0 0 3.63 0 
0 0 0 0 0 579.1327 0 579.1327 0 0 0 579.1327 0 0 0 
503.03653 503.03653 0 503.03653 0 0 0 0 0 0 0 0 503.03653 0 0 
0 0 0 0 0 0 0 0 464.13824 464.13824 0 0 0 464.13824 0 
0 0 0 0 0 526.0496 0 526.0496 0 0 0 526.0496 0 0 0 
0 0 0 0 0 0 0 0 116.442665 116.442665 0 0 0 116.442665 0 
337.3823 337.3823 0 337.3823 0 0 0 0 0 0 0 0 337.3823 0 0 
497.22913 497.22913 0 497.22913 0 0 0 0 0 0 0 0 497.22913 0 0 
0 0 0 0 0 381.0164 0 381.0164 0 0 0 381.0164 0 0 0 
0 0 150.56982 0 150.56982 0 150.56982 0 0 0 150.56982 0 0 0 150.56982 
0 0 0 0 0 0 0 0 938.1971 938.1971 0 0 0 938.1971 0 
325.73587 325.73587 0 325.73587 0 0 0 0 0 0 0 0 325.73587 0 0 
75.56631 75.56631 0 75.56631 0 0 0 0 0 0 0 0 75.56631 0 0 
773.4275 773.4275 0 773.4275 0 0 0 0 0 0 0 0 773.4275 0 0 
0 0 100.067314 0 100.067314 0 100.067314 0 0 0 100.067314 0 0 0 100.067314 
0 0 401.7672 0 401.7672 0 401.7672 0 0 0 401.7672 0 0 0 401.7672 
0 0 0 0 0 0 0 0 735.1876 735.1876 0 0 0 735.1876 0 
0 0 407.97095 0 407.97095 0 407.97095 0 0 0 407.97095 0 0 0 407.97095 
378.6288 378.6288 0 378.6288 0 0 0 0 0 0 0 0 378.6288 0 0 
0 0 261.63754 0 261.63754 0 261.63754 0 0 0 261.63754 0 0 0 261.63754 
0 0 0 0 0 0 0 0 371.99936 371.99936 0 0 0 371.99936 0 
758.4362 758.4362 0 758.4362 0 0 0 0 0 0 0 0 758.4362 0 0 
234.59163 234.59163 0 234.59163 0 0 0 0 0 0 0 0 234.59163 0 0 
0 0 0 0 0 0 0 0 102.6711 102.6711 0 0 0 102.6711 0 
0 0 0 0 0 501.2951 0 501.2951 0 0 0 501.2951 0 0 0 
547.78876 547.78876 0 547.78876 0 0 0 0 0 0 0 0 547.78876 0 0 
0 0 538.66394 0 538.66394 0 538.66394 0 0 0 538.66394 0 0 0 538.66394 
0 0 341.6978 0 341.6978 0 341.6978 0 0 0 341.6978 0 0 0 341.6978 
0 0 625.43195 0 625.43195 0 625.43195 0 0 0 625.43195 0 0 0 625.43195 
0 0 583.80347 0 583.80347 0 583.80347 0 0 0 583.80347 0 0 0 583.80347 
0 0 0 0 0 0 0 0 475.631 475.631 0 0 0 475.631 0 
0 0 152.41034 0 152.41034 0 152.41034 0 0 0 152.41034 0 0 0 152.41034 
0 0 204.64313 0 204.64313 0 204.64313 0 0 0 204.64313 0 0 0 204.64313 
0 0 259.28696 0 259.28696 0 259.28696 0 0 0 259.28696 0 0 0 259.28696 
0 0 0 0 0 0 0 0 444.04315 444.04315 0 0 0 444.04315 0 
0 0 0 0 0 0 0 0 241.49957 241.49957 0 0 0 241.49957 0 
0 0 0 0 0 612.9224 0 612.9224 0 0 0 612.9224 0 0 0 
0 0 350.8725 0 350.8725 0 350.8725 0 0 0 350.8725 0 0 0 350.8725 
0 0 0 0 0 612.1351 0 612.1351 0 0 0 612.1351 0 0 0 
625.01807 625.01807 0 625.01807 0 0 0 0 0 0 0 0 625.01807 0 0 
0 0 321.91986 0 321.91986 0 321.91986 0 0 0 321.91986 0 0 0 321.91986 
0 0 0 0 0 377.58118 0 377.58118 0 0 0 377.58118 0 0 0 
0 0 216.9209 0 216.9209 0 216.9209 0 0 0 216.9209 0 0 0 216.9209 
0 0 0 0 0 0 0 0 365.82602 365.82602 0 0 0 365.82602 0 
0 0 0 0 0 188.70674 0 188.70674 0 0 0 188.70674 0 0 0 
734.133 734.133 0 734.133 0 0 0 0 0 0 0 0 734.133 0 0 
0 0 0 0 0 0 0 0 468.62805 468.62805 0 0 0 468.62805 0 
0 0 204.55287 0 204.55287 0 204.55287 0 0 0 204.55287 0 0 0 204.55287 
0 0 0 0 0 196.21944 0 196.21944 0 0 0 196.21944 0 0 0 
0 0 0 0 0 914.1149 0 914.1149 0 0 0 914.1149 0 0 0 
0 0 0 0 0 656.81165 0 656.81165 0 0 0 656.81165 0 0 0 
531.66284 531.66284 0 531.66284 0 0 0 0 0 0 0 0 531.66284 0 0 
0 0 0 0 0 500.5254 0 500.5254 0 0 0 500.5254 0 0 0 
100.7509 100.7509 0 100.7509 0 0 0 0 0 0 0 0 100.7509 0 0 
0 0 0 0 0 401.287 0 401.287 0 0 0 401.287 0 0 0 
0 0 366.56598 0 366.56598 0 366.56598 0 0 0 366.56598 0 0 0 366.56598 
150.50615 150.50615 0 150.50615 0 0 0 0 0 0 0 0 150.50615 0 0 
168.24336 168.24336 0 168.24336 0 0 0 0 0 0 0 0 168.24336 0 0 
1090.0405 1090.0405 0 1090.0405 0 0 0 0 0 0 0 0 1090.0405 0 0 
0 0 296.05273 0 296.05273 0 296.05273 0 0 0 296.05273 0 0 0 296.05273 
0 0 0 0 0 0 0 0 442.73077 442.73077 0 0 0 442.73077 0 
0 0 0 0 0 0 0 0 203.34334 203.34334 0 0 0 203.34334 0 
0 0 0 0 0 503.59393 0 503.59393 0 0 0 503.59393 0 0 0 
0 0 396.0756 0 396.0756 0 396.0756 0 0 0 396.0756 0 0 0 396.0756 
0 0 0 0 0 286.944 0 286.944 0 0 0 286.944 0 0 0 
0 0 0 0 0 457.3397 0 457.3397 0 0 0 457.3397 0 0 0 
0 0 0 0 0 0 0 0 561.28064 561.28064 0 0 0 561.28064 0 
0 0 0 0 0 0 0 0 166.91556 166.91556 0 0 0 166.91556 0 
0 0 0 0 0 0 0 0 488.46143 488.46143 0 0 0 488.46143 0 
0 0 0 0 0 0 0 0 534.8335 534.8335 0 0 0 534.8335 0 
851.9823 851.9823 0 851.9823 0 0 0 0 0 0 0 0 851.9823 0 0 
330.48383 330.48383 0 330.48383 0 0 0 0 0 0 0 0 330.48383 0 0 
0 0 0 0 0 0 0 0 368.4532 368.4532 0 0 0 368.4532 0 
0 0 0 0 0 172.64966 0 172.64966 0 0 0 172.64966 0 0 0 
0 0 0 0 0 0 0 0 195.65567 195.65567 0 0 0 195.65567 0 
0 0 396.17862 0 396.17862 0 396.17862 0 0 0 396.17862 0 0 0 396.17862 
0 0 0 0 0 0 0 0 337.6874 337.6874 0 0 0 337.6874 0 
0 0 0 0 0 205.47713 0 205.47713 0 0 0 205.47713 0 0 0 
0 0 1044.9309 0 1044.9309 0 1044.9309 0 0 0 1044.9309 0 0 0 1044.9309 
0 0 0 0 0 0 0 0 392.59448 392.59448 0 0 0 392.59448 0 
0 0 0 0 0 710.34973 0 710.34973 0 0 0 710.34973 0 0 0 
149.82425 149.82425 0 149.82425 0 0 0 0 0 0 0 0 149.82425 0 0 
0 0 0 0 0 0 0 0 503.2447 503.2447 0 0 0 503.2447 0 
0 0 346.84244 0 346.84244 0 346.84244 0 0 0 346.84244 0 0 0 346.84244 
0 0 0 0 0 250.49323 0 250.49323 0 0 0 250.49323 0 0 0 
0 0 0 0 0 0 0 0 177.73993 177.73993 0 0 0 177.73993 0 
0 0 0 0 0 0 0 0 337.9912 337.9912 0 0 0 337.9912 0 
59.896706 59.896706 0 59.896706 0 0 0 0 0 0 0 0 59.896706 0 0 
0 0 0 0 0 0 0 0 409.1162 409.1162 0 0 0 409.1162 0 
0 0 0 0 0 0 0 0 179.50911 179.50911 0 0 0 179.50911 0 
0 0 0 0 0 434.92636 0 434.92636 0 0 0 434.92636 0 0 0 
1215.1042 1215.1042 0 1215.1042 0 0 0 0 0 0 0 0 1215.1042 0 0 
745.31036 745.31036 0 745.31036 0 0 0 0 0 0 0 0 745.31036 0 0 
0 0 420.83563 0 420.83563 0 420.83563 0 0 0 420.83563 0 0 0 420.83563 
812.14716 812.14716 0 812.14716 0 0 0 0 0 0 0 0 812.14716 0 0 
0 0 161.64865 0 161.64865 0 161.64865 0 0 0 161.64865 0 0 0 161.64865 
0 0 0 0 0 0 0 0 118.14289 118.14289 0 0 0 118.14289 0 
417.8765 417.8765 0 417.8765 0 0 0 0 0 0 0 0 417.8765 0 0 
0 0 0 0 0 608.74097 0 608.74097 0 0 0 608.74097 0 0 0 
0 0 0 0 0 0 0 0 195.64328 195.64328 0 0 0 195.64328 0 
714.8277 714.8277 0 714.8277 0 0 0 0 0 0 0 0 714.8277 0 0 
575.68475 575.68475 0 575.68475 0 0 0 0 0 0 0 0 575.68475 0 0 
0 0 485.31345 0 485.31345 0 485.31345 0 0 0 485.31345 0 0 0 485.31345 
0 0 0 0 0 0 0 0 327.45557 327.45557 0 0 0 327.45557 0 
0 0 691.71027 0 691.71027 0 691.71027 0 0 0 691.71027 0 0 0 691.71027 
0 0 0 0 0 364.0475 0 364.0475 0 0 0 364.0475 0 0 0 
0 0 0 0 0 0 0 0 188.0409 188.0409 0 0 0 188.0409 0 
0 0 0 0 0 0 0 0 297.41565 297.41565 0 0 0 297.41565 0 
0 0 0 0 0 206.13315 0 206.13315 0 0 0 206.13315 0 0 0 
0 0 363.42853 0 363.42853 0 363.42853 0 0 0 363.42853 0 0 0 363.42853 
0 0 0 0 0 0 0 0 416.1967 416.1967 0 0 0 416.1967 0 
0 0 134.4323 0 134.4323 0 134.4323 0 0 0 134.4323 0 0 0 134.4323 
516.28265 516.28265 0 516.28265 0 0 0 0 0 0 0 0 516.28265 0 0 
0 0 983.8412 0 983.8412 0 983.8412 0 0 0 983.8412 0 0 0 983.8412 
448.49048 448.49048 0 448.49048 0 0 0 0 0 0 0 0 448.49048 0 0 
0 0 0 0 0 0 0 0 256.63678 256.63678 0 0 0 256.63678 0 
0 0 0 0 0 0 0 0 673.8656 673.8656 0 0 0 673.8656 0 
912.76215 912.76215 0 912.76215 0 0 0 0 0 0 0 0 912.76215 0 0 
0 0 372.15787 0 372.15787 0 372.15787 0 0 0 372.15787 0 0 0 372.15787 
0 0 1059.4513 0 1059.4513 0 1059.4513 0 0 0 1059.4513 0 0 0 1059.4513 
0 0 0 0 0 0 0 0 578.20935 578.20935 0 0 0 578.20935 0 
602.89575 602.89575 0 602.89575 0 0 0 0 0 0 0 0 602.89575 0 0 
0 0 76.0162 0 76.0162 0 76.0162 0 0 0 76.0162 0 0 0 76.0162 
0 0 0 0 0 399.63586 0 399.63586 0 0 0 399.63586 0 0 0 
0 0 0 0 0 0 0 0 232.37155 232.37155 0 0 0 232.37155 0 
0 0 0 0 0 0 0 0 877.99915 877.99915 0 0 0 877.99915 0 
0 0 432.48978 0 432.48978 0 432.48978 0 0 0 432.48978 0 0 0 432.48978 
205.44081 205.44081 0 205.44081 0 0 0 0 0 0 0 0 205.44081 0 0 
0 0 0 0 0 0 0 0 95.96903 95.96903 0 0 0 95.96903 0 
0 0 0 0 0 0 0 0 498.0881 498.0881 0 0 0 498.0881 0 
0 0 717.28876 0 717.28876 0 717.28876 0 0 0 717.28876 0 0 0 717.28876 
0 0 0 0 0 239.11507 0 239.11507 0 0 0 239.11507 0 0 0 
0 0 0 0 0 0 0 0 356.83572 356.83572 0 0 0 356.83572 0 
69.00567 69.00567 0 69.00567 0 0 0 0 0 0 0 0 69.00567 0 0 
0 0 0 0 0 1053.4135 0 1053.4135 0 0 0 1053.4135 0 0 0 
0 0 530.0956 0 530.0956 0 530.0956 0 0 0 530.0956 0 0 0 530.0956 
0 0 392.78088 0 392.78088 0 392.78088 0 0 0 392.78088 0 0 0 392.78088 
0 0 0 0 0 0 0 0 308.70935 308.70935 0 0 0 308.70935 0 
0 0 0 0 0 0 0 0 731.6005 731.6005 0 0 0 731.6005 0 
0 0 660.91174 0 660.91174 0 660.91174 0 0 0 660.91174 0 0 0 660.91174 
0 0 235.71066 0 235.71066 0 235.71066 0 0 0 235.71066 0 0 0 235.71066 
345.49265 345.49265 0 345.49265 0 0 0 0 0 0 0 0 345.49265 0 0 
0 0 0 0 0 252.29477 0 252.29477 0 0 0 252.29477 0 0 0 
0 0 0 0 0 0 0 0 427.91232 427.91232 0 0 0 427.91232 0 
0 0 525.5624 0 525.5624 0 525.5624 0 0 0 525.5624 0 0 0 525.5624 
0 0 0 0 0 942.63104 0 942.63104 0 0 0 942.63104 0 0 0 
0 0 0 0 0 0 0 0 298.6707 298.6707 0 0 0 298.6707 0 
0 0 524.9168 0 524.9168 0 524.9168 0 0 0 524.9168 0 0 0 524.9168 
341.7593 341.7593 0 341.7593 0 0 0 0 0 0 0 0 341.7593 0 0 
0 0 0 0 0 0 0 0 240.38614 240.38614 0 0 0 240.38614 0 
0 0 321.9343 0 321.9343 0 321.9343 0 0 0 321.9343 0 0 0 321.9343 
260.89825 260.89825 0 260.89825 0 0 0 0 0 0 0 0 260.89825 0 0 
0 0 0 0 0 95.93062 0 95.93062 0 0 0 95.93062 0 0 0 
0 0 0 0 0 538.8498 0 538.8498 0 0 0 538.8498 0 0 0 
170.38873 170.38873 0 170.38873 0 0 0 0 0 0 0 0 170.38873 0 0 
300.84668 300.84668 0 300.84668 0 0 0 0 0 0 0 0 300.84668 0 0 
0 0 0 0 0 574.32355 0 574.32355 0 0 0 574.32355 0 0 0 
0 0 0 0 0 0 0 0 537.5561 537.5561 0 0 0 537.5561 0 
0 0 0 0 0 0 0 0 607.21075 607.21075 0 0 0 607.21075 0 
0 0 0 0 0 0 0 0 573.17694 573.17694 0 0 0 573.17694 0 
0 0 0 0 0 405.32468 0 405.32468 0 0 0 405.32468 0 0 0 
256.8198 256.8198 0 256.8198 0 0 0 0 0 0 0 0 256.8198 0 0 
0 0 0 0 0 187.41481 0 187.41481 0 0 0 187.41481 0 0 0 
0 0 0 0 0 0 0 0 335.51807 335.51807 0 0 0 335.51807 0 
773.54736 773.54736 0 773.54736 0 0 0 0 0 0 0 0 773.54736 0 0 
0 0 336.68213 0 336.68213 0 336.68213 0 0 0 336.68213 0 0 0 336.68213 
0 0 0 0 0 0 0 0 373.72357 373.72357 0 0 0 373.72357 0 
350.36386 350.36386 0 350.36386 0 0 0 0 0 0 0 0 350.36386 0 0 
0 0 418.56427 0 418.56427 0 418.56427 0 0 0 418.56427 0 0 0 418.56427 
0 0 200.1412 0 200.1412 0 200.1412 0 0 0 200.1412 0 0 0 200.1412 
0 0 0 0 0 0 0 0 442.25385 442.25385 0 0 0 442.25385 0 
0 0 637.5316 0 637.5316 0 637.5316 0 0 0 637.5316 0 0 0 637.5316 
0 0 0 0 0 645.633 0 645.633 0 0 0 645.633 0 0 0 
0 0 449.7574 0 449.7574 0 449.7574 0 0 0 449.7574 0 0 0 449.7574 
0 0 0 0 0 393.6288 0 393.6288 0 0 0 393.6288 0 0 0 
0 0 276.41473 0 276.41473 0 276.41473 0 0 0 276.41473 0 0 0 276.41473 
0 0 0 0 0 0 0 0 688.8132 688.8132 0 0 0 688.8132 0 
0 0 0 0 0 0 0 0 319.111 319.111 0 0 0 319.111 0 
671.8186 671.8186 0 671.8186 0 0 0 0 0 0 0 0 671.8186 0 0 
0 0 0 0 0 0 0 0 490.83694 490.83694 0 0 0 490.83694 0 
0 0 499.25858 0 499.25858 0 499.25858 0 0 0 499.25858 0 0 0 499.25858 
0 0 515.25977 0 515.25977 0 515.25977 0 0 0 515.25977 0 0 0 515.25977 
0 0 0 0 0 360.922 0 360.922 0 0 0 360.922 0 0 0 
0 0 0 0 0 863.60876 0 863.60876 0 0 0 863.60876 0 0 0 
0 0 353.47495 0 353.47495 0 353.47495 0 0 0 353.47495 0 0 0 353.47495 
0 0 0 0 0 0 0 0 366.71783 366.71783 0 0 0 366.71783 0 
0 0 79.227104 0 79.227104 0 79.227104 0 0 0 79.227104 0 0 0 79.227104 
0 0 504.3333 0 504.3333 0 504.3333 0 0 0 504.3333 0 0 0 504.3333 
0 0 593.1236 0 593.1236 0 593.1236 0 0 0 593.1236 0 0 0 593.1236 
432.80444 432.80444 0 432.80444 0 0 0 0 0 0 0 0 432.80444 0 0 
0 0 0 0 0 576.87616 0 576.87616 0 0 0 576.87616 0 0 0 
0 0 0 0 0 0 0 0 360.19196 360.19196 0 0 0 360.19196 0 
749.22235 749.22235 0 749.22235 0 0 0 0 0 0 0 0 749.22235 0 0 
0 0 0 0 0 0 0 0 136.05817 136.05817 0 0 0 136.05817 0 
0 0 0 0 0 474.30786 0 474.30786 0 0 0 474.30786 0 0 0 
0 0 0 0 0 0 0 0 529.39496 529.39496 0 0 0 529.39496 0 
0 0 351.7752 0 351.7752 0 351.7752 0 0 0 351.7752 0 0 0 351.7752 
0 0 0 0 0 247.24954 0 247.24954 0 0 0 247.24954 0 0 0 
0 0 0 0 0 0 0 0 258.1332 258.1332 0 0 0 258.1332 0 
341.46902 341.46902 0 341.46902 0 0 0 0 0 0 0 0 341.46902 0 0 
0 0 480.95676 0 480.95676 0 480.95676 0 0 0 480.95676 0 0 0 480.95676 
750.8276 750.8276 0 750.8276 0 0 0 0 0 0 0 0 750.8276 0 0 
598.64465 598.64465 0 598.64465 0 0 0 0 0 0 0 0 598.64465 0 0 
0 0 0 0 0 439.24335 0 439.24335 0 0 0 439.24335 0 0 0 
587.79913 587.79913 0 587.79913 0 0 0 0 0 0 0 0 587.79913 0 0 
0 0 169.50407 0 169.50407 0 169.50407 0 0 0 169.50407 0 0 0 169.50407 
622.655 622.655 0 622.655 0 0 0 0 0 0 0 0 622.655 0 0 
0 0 545.17596 0 545.17596 0 545.17596 0 0 0 545.17596 0 0 0 545.17596 
0 0 0 0 0 0 0 0 167.59166 167.59166 0 0 0 167.59166 0 
0 0 0 0 0 546.5049 0 546.5049 0 0 0 546.5049 0 0 0 
0 0 0 0 0 0 0 0 303.36133 303.36133 0 0 0 303.36133 0 
0 0 0 0 0 0 0 0 993.1692 993.1692 0 0 0 993.1692 0 
588.49304 588.49304 0 588.49304 0 0 0 0 0 0 0 0 588.49304 0 0 
0 0 854.7746 0 854.7746 0 854.7746 0 0 0 854.7746 0 0 0 854.7746 
0 0 0 0 0 0 0 0 517.33826 517.33826 0 0 0 517.33826 0 
0 0 456.77588 0 456.77588 0 456.77588 0 0 0 456.77588 0 0 0 456.77588 
293.52505 293.52505 0 293.52505 0 0 0 0 0 0 0 0 293.52505 0 0 
0 0 215.66933 0 215.66933 0 215.66933 0 0 0 215.66933 0 0 0 215.66933 
0 0 0 0 0 446.89255 0 446.89255 0 0 0 446.89255 0 0 0 
0 0 0 0 0 0 0 0 761.74194 761.74194 0 0 0 761.74194 0 
0 0 0 0 0 516.2114 0 516.2114 0 0 0 516.2114 0 0 0 
0 0 0 0 0 317.75977 0 317.75977 0 0 0 317.75977 0 0 0 
0 0 128.0903 0 128.0903 0 128.0903 0 0 0 128.0903 0 0 0 128.0903 
0 0 0 0 0 0 0 0 225.1751 225.1751 0 0 0 225.1751 0 
0 0 619.6765 0 619.6765 0 619.6765 0 0 0 619.6765 0 0 0 619.6765 
0 0 0 0 0 696.1108 0 696.1108 0 0 0 696.1108 0 0 0 
0 0 788.1714 0 788.1714 0 788.1714 0 0 0 788.1714 0 0 0 788.1714 
0 0 164.02034 0 164.02034 0 164.02034 0 0 0 164.02034 0 0 0 164.02034 
0 0 0 0 0 0 0 0 300.16293 300.16293 0 0 0 300.16293 0 
0 0 0 0 0 0 0 0 506.4462 506.4462 0 0 0 506.4462 0 
0 0 0 0 0 828.0052 0 828.0052 0 0 0 828.0052 0 0 0 
0 0 0 0 0 301.2121 0 301.2121 0 0 0 301.2121 0 0 0 
0 0 252.6378 0 252.6378 0 252.6378 0 0 0 252.6378 0 0 0 252.6378 
0 0 0 0 0 0 0 0 443.66 443.66 0 0 0 443.66 0 
0 0 254.32285 0 254.32285 0 254.32285 0 0 0 254.32285 0 0 0 254.32285 
0 0 0 0 0 0 0 0 170.41042 170.41042 0 0 0 170.41042 0 
0 0 346.3559 0 346.3559 0 346.3559 0 0 0 346.3559 0 0 0 346.3559 
0 0 0 0 0 452.61783 0 452.61783 0 0 0 452.61783 0 0 0 
0 0 89.477425 0 89.477425 0 89.477425 0 0 0 89.477425 0 0 0 89.477425 
0 0 0 0 0 0 0 0 150.65833 150.65833 0 0 0 150.65833 0 
0 0 164.52556 0 164.52556 0 164.52556 0 0 0 164.52556 0 0 0 164.52556 
0 0 0 0 0 586.63965 0 586.63965 0 0 0 586.63965 0 0 0 
0 0 0 0 0 0 0 0 602.68585 602.68585 0 0 0 602.68585 0 
0 0 467.42755 0 467.42755 0 467.42755 0 0 0 467.42755 0 0 0 467.42755 
0 0 0 0 0 253.437 0 253.437 0 0 0 253.437 0 0 0 
0 0 644.7332 0 644.7332 0 644.7332 0 0 0 644.7332 0 0 0 644.7332 
0 0 395.89297 0 395.89297 0 395.89297 0 0 0 395.89297 0 0 0 395.89297 
0 0 0 0 0 280.31647 0 280.31647 0 0 0 280.31647 0 0 0 
0 0 275.19412 0 275.19412 0 275.19412 0 0 0 275.19412 0 0 0 275.19412 
406.8366 406.8366 0 406.8366 0 0 0 0 0 0 0 0 406.8366 0 0 
0 0 0 0 0 0 0 0 310.02496 310.02496 0 0 0 310.02496 0 
